
../emb/LINE.pkl
147.0 148.0
126.0 127.0
120.0 121.0
175.0 176.0
9.0 10.0
400.0 401.0
157.0 158.0
350.0 351.0
64.0 65.0
177.0 178.0
*********************************
../emb/node2vec.txt
934.0 1016.0
503.0 934.0
837.0 898.0
503.0 898.0
831.0 934.0
1011.0 1012.0
503.0 831.0
898.0 1004.0
831.0 919.0
503.0 1016.0
*********************************
../emb/HIN2vec/node.txt
468.0 889.0
468.0 834.0
79.0 81.0
871.0 928.0
834.0 889.0
78.0 81.0
904.0 974.0
480.0 492.0
30.0 41.0
188.0 189.0
*********************************
../emb/Metapath2vec/covid-plp.txt
120.0 121.0
157.0 158.0
34.0 35.0
400.0 401.0
126.0 127.0
188.0 189.0
48.0 49.0
29.0 31.0
147.0 148.0
119.0 124.0
*********************************
../emb/HeGAN/covid_dis.emb
64.0 65.0
427.0 443.0
120.0 121.0
980.0 986.0
505.0 952.0
469.0 487.0
96.0 97.0
79.0 80.0
425.0 426.0
78.0 81.0
*********************************
../emb/HeGAN/covid_gen.emb
120.0 121.0
79.0 80.0
34.0 35.0
725.0 734.0
78.0 80.0
505.0 952.0
879.0 956.0
885.0 895.0
80.0 81.0
851.0 862.0
*********************************
