3 8
8 3
4 5
5 4
9 10
10 9
9 11
11 9
10 11
11 10
12 42
42 12
12 46
46 12
12 48
48 12
12 49
49 12
12 52
52 12
12 53
53 12
12 54
54 12
12 61
61 12
13 15
15 13
14 71
71 14
14 78
78 14
14 79
79 14
14 80
80 14
14 81
81 14
14 87
87 14
14 88
88 14
14 94
94 14
14 96
96 14
14 97
97 14
17 19
19 17
17 20
20 17
19 20
20 19
21 22
22 21
27 29
29 27
27 30
30 27
27 31
31 27
27 32
32 27
27 33
33 27
27 34
34 27
27 35
35 27
27 36
36 27
27 37
37 27
27 41
41 27
27 44
44 27
27 50
50 27
29 30
30 29
29 31
31 29
29 32
32 29
29 33
33 29
29 34
34 29
29 35
35 29
29 36
36 29
29 37
37 29
29 41
41 29
29 44
44 29
29 50
50 29
30 31
31 30
30 32
32 30
30 33
33 30
30 34
34 30
30 35
35 30
30 36
36 30
30 37
37 30
30 41
41 30
30 44
44 30
30 50
50 30
31 32
32 31
31 33
33 31
31 34
34 31
31 35
35 31
31 36
36 31
31 37
37 31
31 41
41 31
31 44
44 31
31 50
50 31
32 33
33 32
32 34
34 32
32 35
35 32
32 36
36 32
32 37
37 32
32 41
41 32
32 44
44 32
32 50
50 32
33 34
34 33
33 35
35 33
33 36
36 33
33 37
37 33
33 41
41 33
33 44
44 33
33 50
50 33
34 35
35 34
34 36
36 34
34 37
37 34
34 41
41 34
34 44
44 34
34 50
50 34
35 36
36 35
35 37
37 35
35 41
41 35
35 44
44 35
35 50
50 35
36 37
37 36
36 41
41 36
36 44
44 36
36 50
50 36
37 41
41 37
37 44
44 37
37 50
50 37
38 39
39 38
38 40
40 38
39 40
40 39
41 44
44 41
41 50
50 41
42 46
46 42
42 48
48 42
42 49
49 42
42 52
52 42
42 53
53 42
42 54
54 42
42 61
61 42
44 50
50 44
46 48
48 46
46 49
49 46
46 52
52 46
46 53
53 46
46 54
54 46
46 61
61 46
47 51
51 47
48 49
49 48
48 52
52 48
48 53
53 48
48 54
54 48
48 61
61 48
49 52
52 49
49 53
53 49
49 54
54 49
49 61
61 49
52 53
53 52
52 54
54 52
52 61
61 52
53 54
54 53
53 61
61 53
54 61
61 54
57 59
59 57
57 60
60 57
57 63
63 57
57 66
66 57
58 128
128 58
59 60
60 59
59 63
63 59
59 66
66 59
60 63
63 60
60 66
66 60
63 66
66 63
64 65
65 64
64 70
70 64
64 73
73 64
64 74
74 64
64 76
76 64
64 77
77 64
64 83
83 64
64 84
84 64
64 86
86 64
64 89
89 64
64 91
91 64
64 92
92 64
64 93
93 64
64 95
95 64
64 98
98 64
64 102
102 64
64 103
103 64
64 112
112 64
65 70
70 65
65 73
73 65
65 74
74 65
65 76
76 65
65 77
77 65
65 83
83 65
65 84
84 65
65 86
86 65
65 89
89 65
65 91
91 65
65 92
92 65
65 93
93 65
65 95
95 65
65 98
98 65
65 102
102 65
65 103
103 65
65 112
112 65
70 73
73 70
70 74
74 70
70 76
76 70
70 77
77 70
70 83
83 70
70 84
84 70
70 86
86 70
70 89
89 70
70 91
91 70
70 92
92 70
70 93
93 70
70 95
95 70
70 98
98 70
70 102
102 70
70 103
103 70
70 112
112 70
71 78
78 71
71 79
79 71
71 80
80 71
71 81
81 71
71 87
87 71
71 88
88 71
71 94
94 71
71 96
96 71
71 97
97 71
72 82
82 72
73 74
74 73
73 76
76 73
73 77
77 73
73 83
83 73
73 84
84 73
73 86
86 73
73 89
89 73
73 91
91 73
73 92
92 73
73 93
93 73
73 95
95 73
73 98
98 73
73 102
102 73
73 103
103 73
73 112
112 73
74 76
76 74
74 77
77 74
74 83
83 74
74 84
84 74
74 86
86 74
74 89
89 74
74 91
91 74
74 92
92 74
74 93
93 74
74 95
95 74
74 98
98 74
74 102
102 74
74 103
103 74
74 112
112 74
76 77
77 76
76 83
83 76
76 84
84 76
76 86
86 76
76 89
89 76
76 91
91 76
76 92
92 76
76 93
93 76
76 95
95 76
76 98
98 76
76 102
102 76
76 103
103 76
76 112
112 76
77 83
83 77
77 84
84 77
77 86
86 77
77 89
89 77
77 91
91 77
77 92
92 77
77 93
93 77
77 95
95 77
77 98
98 77
77 102
102 77
77 103
103 77
77 112
112 77
78 79
79 78
78 80
80 78
78 81
81 78
78 87
87 78
78 88
88 78
78 94
94 78
78 96
96 78
78 97
97 78
79 80
80 79
79 81
81 79
79 87
87 79
79 88
88 79
79 94
94 79
79 96
96 79
79 97
97 79
80 81
81 80
80 87
87 80
80 88
88 80
80 94
94 80
80 96
96 80
80 97
97 80
81 87
87 81
81 88
88 81
81 94
94 81
81 96
96 81
81 97
97 81
83 84
84 83
83 86
86 83
83 89
89 83
83 91
91 83
83 92
92 83
83 93
93 83
83 95
95 83
83 98
98 83
83 102
102 83
83 103
103 83
83 112
112 83
84 86
86 84
84 89
89 84
84 91
91 84
84 92
92 84
84 93
93 84
84 95
95 84
84 98
98 84
84 102
102 84
84 103
103 84
84 112
112 84
85 90
90 85
85 101
101 85
85 104
104 85
85 113
113 85
86 89
89 86
86 91
91 86
86 92
92 86
86 93
93 86
86 95
95 86
86 98
98 86
86 102
102 86
86 103
103 86
86 112
112 86
87 88
88 87
87 94
94 87
87 96
96 87
87 97
97 87
88 94
94 88
88 96
96 88
88 97
97 88
89 91
91 89
89 92
92 89
89 93
93 89
89 95
95 89
89 98
98 89
89 102
102 89
89 103
103 89
89 112
112 89
90 101
101 90
90 104
104 90
90 113
113 90
91 92
92 91
91 93
93 91
91 95
95 91
91 98
98 91
91 102
102 91
91 103
103 91
91 112
112 91
92 93
93 92
92 95
95 92
92 98
98 92
92 102
102 92
92 103
103 92
92 112
112 92
93 95
95 93
93 98
98 93
93 102
102 93
93 103
103 93
93 112
112 93
94 96
96 94
94 97
97 94
95 98
98 95
95 102
102 95
95 103
103 95
95 112
112 95
96 97
97 96
98 102
102 98
98 103
103 98
98 112
112 98
99 100
100 99
101 104
104 101
101 113
113 101
102 103
103 102
102 112
112 102
103 112
112 103
104 113
113 104
105 107
107 105
105 108
108 105
105 110
110 105
105 111
111 105
105 115
115 105
105 117
117 105
105 118
118 105
106 116
116 106
107 108
108 107
107 110
110 107
107 111
111 107
107 115
115 107
107 117
117 107
107 118
118 107
108 110
110 108
108 111
111 108
108 115
115 108
108 117
117 108
108 118
118 108
110 111
111 110
110 115
115 110
110 117
117 110
110 118
118 110
111 115
115 111
111 117
117 111
111 118
118 111
114 213
213 114
115 117
117 115
115 118
118 115
117 118
118 117
119 120
120 119
119 121
121 119
119 123
123 119
119 124
124 119
119 125
125 119
119 126
126 119
119 127
127 119
119 129
129 119
119 140
140 119
120 121
121 120
120 123
123 120
120 124
124 120
120 125
125 120
120 126
126 120
120 127
127 120
120 129
129 120
120 140
140 120
121 123
123 121
121 124
124 121
121 125
125 121
121 126
126 121
121 127
127 121
121 129
129 121
121 140
140 121
123 124
124 123
123 125
125 123
123 126
126 123
123 127
127 123
123 129
129 123
123 140
140 123
124 125
125 124
124 126
126 124
124 127
127 124
124 129
129 124
124 140
140 124
125 126
126 125
125 127
127 125
125 129
129 125
125 140
140 125
126 127
127 126
126 129
129 126
126 140
140 126
127 129
129 127
127 140
140 127
129 140
140 129
130 131
131 130
130 133
133 130
130 138
138 130
131 133
133 131
131 138
138 131
133 138
138 133
137 142
142 137
143 153
153 143
143 155
155 143
143 298
298 143
145 146
146 145
147 148
148 147
147 167
167 147
148 167
167 148
153 155
155 153
153 298
298 153
154 228
228 154
154 311
311 154
155 298
298 155
157 158
158 157
157 205
205 157
157 256
256 157
158 205
205 158
158 256
256 158
160 164
164 160
160 166
166 160
160 185
185 160
160 187
187 160
160 197
197 160
160 202
202 160
160 216
216 160
160 219
219 160
160 226
226 160
160 230
230 160
160 232
232 160
160 255
255 160
160 257
257 160
160 265
265 160
160 269
269 160
160 280
280 160
160 288
288 160
160 289
289 160
160 290
290 160
160 292
292 160
160 296
296 160
160 297
297 160
160 320
320 160
160 323
323 160
160 329
329 160
160 331
331 160
160 334
334 160
160 344
344 160
160 356
356 160
160 357
357 160
160 364
364 160
160 381
381 160
160 393
393 160
160 398
398 160
160 399
399 160
160 407
407 160
160 408
408 160
160 409
409 160
161 376
376 161
162 174
174 162
162 222
222 162
162 243
243 162
162 285
285 162
162 286
286 162
162 349
349 162
164 166
166 164
164 185
185 164
164 187
187 164
164 197
197 164
164 202
202 164
164 216
216 164
164 219
219 164
164 226
226 164
164 230
230 164
164 232
232 164
164 255
255 164
164 257
257 164
164 265
265 164
164 269
269 164
164 280
280 164
164 288
288 164
164 289
289 164
164 290
290 164
164 292
292 164
164 296
296 164
164 297
297 164
164 320
320 164
164 323
323 164
164 329
329 164
164 331
331 164
164 334
334 164
164 344
344 164
164 356
356 164
164 357
357 164
164 364
364 164
164 381
381 164
164 393
393 164
164 398
398 164
164 399
399 164
164 407
407 164
164 408
408 164
164 409
409 164
165 294
294 165
166 185
185 166
166 187
187 166
166 197
197 166
166 202
202 166
166 216
216 166
166 219
219 166
166 226
226 166
166 230
230 166
166 232
232 166
166 255
255 166
166 257
257 166
166 265
265 166
166 269
269 166
166 280
280 166
166 288
288 166
166 289
289 166
166 290
290 166
166 292
292 166
166 296
296 166
166 297
297 166
166 320
320 166
166 323
323 166
166 329
329 166
166 331
331 166
166 334
334 166
166 344
344 166
166 356
356 166
166 357
357 166
166 364
364 166
166 381
381 166
166 393
393 166
166 398
398 166
166 399
399 166
166 407
407 166
166 408
408 166
166 409
409 166
169 208
208 169
169 277
277 169
169 315
315 169
169 375
375 169
172 254
254 172
172 302
302 172
172 774
774 172
174 222
222 174
174 243
243 174
174 285
285 174
174 286
286 174
174 349
349 174
175 176
176 175
177 178
178 177
181 215
215 181
181 264
264 181
182 227
227 182
182 276
276 182
182 343
343 182
182 360
360 182
182 362
362 182
182 367
367 182
182 384
384 182
182 386
386 182
182 387
387 182
182 389
389 182
182 394
394 182
182 411
411 182
185 187
187 185
185 197
197 185
185 202
202 185
185 216
216 185
185 219
219 185
185 226
226 185
185 230
230 185
185 232
232 185
185 255
255 185
185 257
257 185
185 265
265 185
185 269
269 185
185 280
280 185
185 288
288 185
185 289
289 185
185 290
290 185
185 292
292 185
185 296
296 185
185 297
297 185
185 320
320 185
185 323
323 185
185 329
329 185
185 331
331 185
185 334
334 185
185 344
344 185
185 356
356 185
185 357
357 185
185 364
364 185
185 381
381 185
185 393
393 185
185 398
398 185
185 399
399 185
185 407
407 185
185 408
408 185
185 409
409 185
187 197
197 187
187 202
202 187
187 216
216 187
187 219
219 187
187 226
226 187
187 230
230 187
187 232
232 187
187 255
255 187
187 257
257 187
187 265
265 187
187 269
269 187
187 280
280 187
187 288
288 187
187 289
289 187
187 290
290 187
187 292
292 187
187 296
296 187
187 297
297 187
187 320
320 187
187 323
323 187
187 329
329 187
187 331
331 187
187 334
334 187
187 344
344 187
187 356
356 187
187 357
357 187
187 364
364 187
187 381
381 187
187 393
393 187
187 398
398 187
187 399
399 187
187 407
407 187
187 408
408 187
187 409
409 187
188 189
189 188
188 209
209 188
189 209
209 189
191 217
217 191
191 223
223 191
191 233
233 191
191 237
237 191
191 250
250 191
191 253
253 191
191 258
258 191
191 259
259 191
191 287
287 191
191 295
295 191
191 303
303 191
191 304
304 191
191 332
332 191
191 373
373 191
191 378
378 191
195 199
199 195
195 248
248 195
195 322
322 195
195 339
339 195
195 359
359 195
197 202
202 197
197 216
216 197
197 219
219 197
197 226
226 197
197 230
230 197
197 232
232 197
197 255
255 197
197 257
257 197
197 265
265 197
197 269
269 197
197 280
280 197
197 288
288 197
197 289
289 197
197 290
290 197
197 292
292 197
197 296
296 197
197 297
297 197
197 320
320 197
197 323
323 197
197 329
329 197
197 331
331 197
197 334
334 197
197 344
344 197
197 356
356 197
197 357
357 197
197 364
364 197
197 381
381 197
197 393
393 197
197 398
398 197
197 399
399 197
197 407
407 197
197 408
408 197
197 409
409 197
199 248
248 199
199 322
322 199
199 339
339 199
199 359
359 199
202 216
216 202
202 219
219 202
202 226
226 202
202 230
230 202
202 232
232 202
202 255
255 202
202 257
257 202
202 265
265 202
202 269
269 202
202 280
280 202
202 288
288 202
202 289
289 202
202 290
290 202
202 292
292 202
202 296
296 202
202 297
297 202
202 320
320 202
202 323
323 202
202 329
329 202
202 331
331 202
202 334
334 202
202 344
344 202
202 356
356 202
202 357
357 202
202 364
364 202
202 381
381 202
202 393
393 202
202 398
398 202
202 399
399 202
202 407
407 202
202 408
408 202
202 409
409 202
205 256
256 205
207 327
327 207
208 277
277 208
208 315
315 208
208 375
375 208
211 214
214 211
215 264
264 215
216 219
219 216
216 226
226 216
216 230
230 216
216 232
232 216
216 255
255 216
216 257
257 216
216 265
265 216
216 269
269 216
216 280
280 216
216 288
288 216
216 289
289 216
216 290
290 216
216 292
292 216
216 296
296 216
216 297
297 216
216 320
320 216
216 323
323 216
216 329
329 216
216 331
331 216
216 334
334 216
216 344
344 216
216 356
356 216
216 357
357 216
216 364
364 216
216 381
381 216
216 393
393 216
216 398
398 216
216 399
399 216
216 407
407 216
216 408
408 216
216 409
409 216
217 223
223 217
217 233
233 217
217 237
237 217
217 250
250 217
217 253
253 217
217 258
258 217
217 259
259 217
217 287
287 217
217 295
295 217
217 303
303 217
217 304
304 217
217 332
332 217
217 373
373 217
217 378
378 217
218 260
260 218
219 226
226 219
219 230
230 219
219 232
232 219
219 255
255 219
219 257
257 219
219 265
265 219
219 269
269 219
219 280
280 219
219 288
288 219
219 289
289 219
219 290
290 219
219 292
292 219
219 296
296 219
219 297
297 219
219 320
320 219
219 323
323 219
219 329
329 219
219 331
331 219
219 334
334 219
219 344
344 219
219 356
356 219
219 357
357 219
219 364
364 219
219 381
381 219
219 393
393 219
219 398
398 219
219 399
399 219
219 407
407 219
219 408
408 219
219 409
409 219
221 314
314 221
222 243
243 222
222 285
285 222
222 286
286 222
222 349
349 222
223 233
233 223
223 237
237 223
223 250
250 223
223 253
253 223
223 258
258 223
223 259
259 223
223 287
287 223
223 295
295 223
223 303
303 223
223 304
304 223
223 332
332 223
223 373
373 223
223 378
378 223
226 230
230 226
226 232
232 226
226 255
255 226
226 257
257 226
226 265
265 226
226 269
269 226
226 280
280 226
226 288
288 226
226 289
289 226
226 290
290 226
226 292
292 226
226 296
296 226
226 297
297 226
226 320
320 226
226 323
323 226
226 329
329 226
226 331
331 226
226 334
334 226
226 344
344 226
226 356
356 226
226 357
357 226
226 364
364 226
226 381
381 226
226 393
393 226
226 398
398 226
226 399
399 226
226 407
407 226
226 408
408 226
226 409
409 226
227 276
276 227
227 343
343 227
227 360
360 227
227 362
362 227
227 367
367 227
227 384
384 227
227 386
386 227
227 387
387 227
227 389
389 227
227 394
394 227
227 411
411 227
228 311
311 228
229 337
337 229
229 338
338 229
230 232
232 230
230 255
255 230
230 257
257 230
230 265
265 230
230 269
269 230
230 280
280 230
230 288
288 230
230 289
289 230
230 290
290 230
230 292
292 230
230 296
296 230
230 297
297 230
230 320
320 230
230 323
323 230
230 329
329 230
230 331
331 230
230 334
334 230
230 344
344 230
230 356
356 230
230 357
357 230
230 364
364 230
230 381
381 230
230 393
393 230
230 398
398 230
230 399
399 230
230 407
407 230
230 408
408 230
230 409
409 230
232 255
255 232
232 257
257 232
232 265
265 232
232 269
269 232
232 280
280 232
232 288
288 232
232 289
289 232
232 290
290 232
232 292
292 232
232 296
296 232
232 297
297 232
232 320
320 232
232 323
323 232
232 329
329 232
232 331
331 232
232 334
334 232
232 344
344 232
232 356
356 232
232 357
357 232
232 364
364 232
232 381
381 232
232 393
393 232
232 398
398 232
232 399
399 232
232 407
407 232
232 408
408 232
232 409
409 232
233 237
237 233
233 250
250 233
233 253
253 233
233 258
258 233
233 259
259 233
233 287
287 233
233 295
295 233
233 303
303 233
233 304
304 233
233 332
332 233
233 373
373 233
233 378
378 233
237 250
250 237
237 253
253 237
237 258
258 237
237 259
259 237
237 287
287 237
237 295
295 237
237 303
303 237
237 304
304 237
237 332
332 237
237 373
373 237
237 378
378 237
238 242
242 238
238 261
261 238
238 262
262 238
238 268
268 238
238 301
301 238
238 306
306 238
241 321
321 241
242 261
261 242
242 262
262 242
242 268
268 242
242 301
301 242
242 306
306 242
243 285
285 243
243 286
286 243
243 349
349 243
248 322
322 248
248 339
339 248
248 359
359 248
250 253
253 250
250 258
258 250
250 259
259 250
250 287
287 250
250 295
295 250
250 303
303 250
250 304
304 250
250 332
332 250
250 373
373 250
250 378
378 250
253 258
258 253
253 259
259 253
253 287
287 253
253 295
295 253
253 303
303 253
253 304
304 253
253 332
332 253
253 373
373 253
253 378
378 253
254 302
302 254
254 774
774 254
255 257
257 255
255 265
265 255
255 269
269 255
255 280
280 255
255 288
288 255
255 289
289 255
255 290
290 255
255 292
292 255
255 296
296 255
255 297
297 255
255 320
320 255
255 323
323 255
255 329
329 255
255 331
331 255
255 334
334 255
255 344
344 255
255 356
356 255
255 357
357 255
255 364
364 255
255 381
381 255
255 393
393 255
255 398
398 255
255 399
399 255
255 407
407 255
255 408
408 255
255 409
409 255
257 265
265 257
257 269
269 257
257 280
280 257
257 288
288 257
257 289
289 257
257 290
290 257
257 292
292 257
257 296
296 257
257 297
297 257
257 320
320 257
257 323
323 257
257 329
329 257
257 331
331 257
257 334
334 257
257 344
344 257
257 356
356 257
257 357
357 257
257 364
364 257
257 381
381 257
257 393
393 257
257 398
398 257
257 399
399 257
257 407
407 257
257 408
408 257
257 409
409 257
258 259
259 258
258 287
287 258
258 295
295 258
258 303
303 258
258 304
304 258
258 332
332 258
258 373
373 258
258 378
378 258
259 287
287 259
259 295
295 259
259 303
303 259
259 304
304 259
259 332
332 259
259 373
373 259
259 378
378 259
261 262
262 261
261 268
268 261
261 301
301 261
261 306
306 261
262 268
268 262
262 301
301 262
262 306
306 262
265 269
269 265
265 280
280 265
265 288
288 265
265 289
289 265
265 290
290 265
265 292
292 265
265 296
296 265
265 297
297 265
265 320
320 265
265 323
323 265
265 329
329 265
265 331
331 265
265 334
334 265
265 344
344 265
265 356
356 265
265 357
357 265
265 364
364 265
265 381
381 265
265 393
393 265
265 398
398 265
265 399
399 265
265 407
407 265
265 408
408 265
265 409
409 265
266 319
319 266
266 342
342 266
266 807
807 266
268 301
301 268
268 306
306 268
269 280
280 269
269 288
288 269
269 289
289 269
269 290
290 269
269 292
292 269
269 296
296 269
269 297
297 269
269 320
320 269
269 323
323 269
269 329
329 269
269 331
331 269
269 334
334 269
269 344
344 269
269 356
356 269
269 357
357 269
269 364
364 269
269 381
381 269
269 393
393 269
269 398
398 269
269 399
399 269
269 407
407 269
269 408
408 269
269 409
409 269
275 278
278 275
275 284
284 275
276 343
343 276
276 360
360 276
276 362
362 276
276 367
367 276
276 384
384 276
276 386
386 276
276 387
387 276
276 389
389 276
276 394
394 276
276 411
411 276
277 315
315 277
277 375
375 277
278 284
284 278
280 288
288 280
280 289
289 280
280 290
290 280
280 292
292 280
280 296
296 280
280 297
297 280
280 320
320 280
280 323
323 280
280 329
329 280
280 331
331 280
280 334
334 280
280 344
344 280
280 356
356 280
280 357
357 280
280 364
364 280
280 381
381 280
280 393
393 280
280 398
398 280
280 399
399 280
280 407
407 280
280 408
408 280
280 409
409 280
285 286
286 285
285 349
349 285
286 349
349 286
287 295
295 287
287 303
303 287
287 304
304 287
287 332
332 287
287 373
373 287
287 378
378 287
288 289
289 288
288 290
290 288
288 292
292 288
288 296
296 288
288 297
297 288
288 320
320 288
288 323
323 288
288 329
329 288
288 331
331 288
288 334
334 288
288 344
344 288
288 356
356 288
288 357
357 288
288 364
364 288
288 381
381 288
288 393
393 288
288 398
398 288
288 399
399 288
288 407
407 288
288 408
408 288
288 409
409 288
289 290
290 289
289 292
292 289
289 296
296 289
289 297
297 289
289 320
320 289
289 323
323 289
289 329
329 289
289 331
331 289
289 334
334 289
289 344
344 289
289 356
356 289
289 357
357 289
289 364
364 289
289 381
381 289
289 393
393 289
289 398
398 289
289 399
399 289
289 407
407 289
289 408
408 289
289 409
409 289
290 292
292 290
290 296
296 290
290 297
297 290
290 320
320 290
290 323
323 290
290 329
329 290
290 331
331 290
290 334
334 290
290 344
344 290
290 356
356 290
290 357
357 290
290 364
364 290
290 381
381 290
290 393
393 290
290 398
398 290
290 399
399 290
290 407
407 290
290 408
408 290
290 409
409 290
291 312
312 291
291 372
372 291
291 391
391 291
291 429
429 291
292 296
296 292
292 297
297 292
292 320
320 292
292 323
323 292
292 329
329 292
292 331
331 292
292 334
334 292
292 344
344 292
292 356
356 292
292 357
357 292
292 364
364 292
292 381
381 292
292 393
393 292
292 398
398 292
292 399
399 292
292 407
407 292
292 408
408 292
292 409
409 292
295 303
303 295
295 304
304 295
295 332
332 295
295 373
373 295
295 378
378 295
296 297
297 296
296 320
320 296
296 323
323 296
296 329
329 296
296 331
331 296
296 334
334 296
296 344
344 296
296 356
356 296
296 357
357 296
296 364
364 296
296 381
381 296
296 393
393 296
296 398
398 296
296 399
399 296
296 407
407 296
296 408
408 296
296 409
409 296
297 320
320 297
297 323
323 297
297 329
329 297
297 331
331 297
297 334
334 297
297 344
344 297
297 356
356 297
297 357
357 297
297 364
364 297
297 381
381 297
297 393
393 297
297 398
398 297
297 399
399 297
297 407
407 297
297 408
408 297
297 409
409 297
300 324
324 300
301 306
306 301
302 774
774 302
303 304
304 303
303 332
332 303
303 373
373 303
303 378
378 303
304 332
332 304
304 373
373 304
304 378
378 304
312 372
372 312
312 391
391 312
312 429
429 312
315 375
375 315
319 342
342 319
319 807
807 319
320 323
323 320
320 329
329 320
320 331
331 320
320 334
334 320
320 344
344 320
320 356
356 320
320 357
357 320
320 364
364 320
320 381
381 320
320 393
393 320
320 398
398 320
320 399
399 320
320 407
407 320
320 408
408 320
320 409
409 320
322 339
339 322
322 359
359 322
323 329
329 323
323 331
331 323
323 334
334 323
323 344
344 323
323 356
356 323
323 357
357 323
323 364
364 323
323 381
381 323
323 393
393 323
323 398
398 323
323 399
399 323
323 407
407 323
323 408
408 323
323 409
409 323
329 331
331 329
329 334
334 329
329 344
344 329
329 356
356 329
329 357
357 329
329 364
364 329
329 381
381 329
329 393
393 329
329 398
398 329
329 399
399 329
329 407
407 329
329 408
408 329
329 409
409 329
331 334
334 331
331 344
344 331
331 356
356 331
331 357
357 331
331 364
364 331
331 381
381 331
331 393
393 331
331 398
398 331
331 399
399 331
331 407
407 331
331 408
408 331
331 409
409 331
332 373
373 332
332 378
378 332
334 344
344 334
334 356
356 334
334 357
357 334
334 364
364 334
334 381
381 334
334 393
393 334
334 398
398 334
334 399
399 334
334 407
407 334
334 408
408 334
334 409
409 334
336 400
400 336
336 401
401 336
337 338
338 337
339 359
359 339
342 807
807 342
343 360
360 343
343 362
362 343
343 367
367 343
343 384
384 343
343 386
386 343
343 387
387 343
343 389
389 343
343 394
394 343
343 411
411 343
344 356
356 344
344 357
357 344
344 364
364 344
344 381
381 344
344 393
393 344
344 398
398 344
344 399
399 344
344 407
407 344
344 408
408 344
344 409
409 344
350 351
351 350
356 357
357 356
356 364
364 356
356 381
381 356
356 393
393 356
356 398
398 356
356 399
399 356
356 407
407 356
356 408
408 356
356 409
409 356
357 364
364 357
357 381
381 357
357 393
393 357
357 398
398 357
357 399
399 357
357 407
407 357
357 408
408 357
357 409
409 357
360 362
362 360
360 367
367 360
360 384
384 360
360 386
386 360
360 387
387 360
360 389
389 360
360 394
394 360
360 411
411 360
362 367
367 362
362 384
384 362
362 386
386 362
362 387
387 362
362 389
389 362
362 394
394 362
362 411
411 362
364 381
381 364
364 393
393 364
364 398
398 364
364 399
399 364
364 407
407 364
364 408
408 364
364 409
409 364
367 384
384 367
367 386
386 367
367 387
387 367
367 389
389 367
367 394
394 367
367 411
411 367
372 391
391 372
372 429
429 372
373 378
378 373
381 393
393 381
381 398
398 381
381 399
399 381
381 407
407 381
381 408
408 381
381 409
409 381
384 386
386 384
384 387
387 384
384 389
389 384
384 394
394 384
384 411
411 384
386 387
387 386
386 389
389 386
386 394
394 386
386 411
411 386
387 389
389 387
387 394
394 387
387 411
411 387
389 394
394 389
389 411
411 389
391 429
429 391
393 398
398 393
393 399
399 393
393 407
407 393
393 408
408 393
393 409
409 393
394 411
411 394
398 399
399 398
398 407
407 398
398 408
408 398
398 409
409 398
399 407
407 399
399 408
408 399
399 409
409 399
400 401
401 400
403 404
404 403
407 408
408 407
407 409
409 407
408 409
409 408
662 687
687 662
662 702
702 662
662 704
704 662
662 705
705 662
662 758
758 662
662 759
759 662
687 702
702 687
687 704
704 687
687 705
705 687
687 758
758 687
687 759
759 687
702 704
704 702
702 705
705 702
702 758
758 702
702 759
759 702
704 705
705 704
704 758
758 704
704 759
759 704
705 758
758 705
705 759
759 705
758 759
759 758
903 923
923 903
903 925
925 903
903 932
932 903
903 944
944 903
903 954
954 903
923 925
925 923
923 932
932 923
923 944
944 923
923 954
954 923
925 932
932 925
925 944
944 925
925 954
954 925
932 944
944 932
932 954
954 932
944 954
954 944
