1
2
3
4
5
6
7
8
9
10
13
25
26
71
78
79
80
81
87
88
94
96
97
105
107
109
110
111
115
119
120
121
122
123
124
125
126
127
129
130
131
132
133
136
137
139
141
142
143
144
145
146
147
148
150
151
152
153
156
157
158
159
160
161
164
165
166
168
172
174
175
176
177
178
180
181
185
187
188
189
190
197
198
200
202
203
204
205
206
207
209
211
212
214
215
216
218
219
223
226
230
232
235
238
240
241
242
245
246
247
249
252
254
255
256
257
260
261
262
264
265
267
268
269
274
279
280
281
283
286
288
289
290
292
294
296
297
300
301
302
305
306
309
313
317
320
321
323
324
329
330
331
333
334
335
336
344
346
350
351
352
353
354
355
356
357
361
364
365
368
369
370
374
376
379
380
381
382
383
393
396
397
398
399
400
401
402
403
404
407
408
409
410
416
417
418
419
420
421
424
425
426
427
430
431
435
436
439
441
443
444
445
446
448
449
451
452
454
456
457
459
460
461
464
465
468
469
470
471
472
473
474
478
479
480
482
485
486
487
488
489
490
491
494
496
500
502
503
505
506
507
508
518
520
521
522
523
527
529
530
532
534
537
538
539
540
541
542
543
544
545
546
547
548
549
550
551
552
553
554
555
556
557
558
559
560
561
565
568
569
570
571
572
574
580
582
583
587
588
589
590
591
592
593
594
595
596
597
598
599
600
601
602
603
604
605
606
607
613
616
617
619
620
624
628
629
631
634
636
639
640
641
642
644
645
647
648
649
650
651
652
653
654
655
656
657
658
659
660
661
664
665
666
667
668
669
671
672
673
675
676
678
679
680
681
684
685
688
689
690
692
693
694
695
696
697
698
699
700
701
703
706
708
710
711
712
714
715
716
721
722
723
724
725
726
727
728
729
730
731
732
733
734
735
736
737
740
741
745
749
750
751
762
763
764
765
766
768
770
771
772
774
776
777
778
779
780
781
782
783
784
785
786
787
788
789
790
791
792
794
795
798
799
800
803
804
808
811
813
814
815
816
817
818
819
820
821
822
823
824
825
826
827
828
829
831
832
834
836
837
839
841
843
845
847
850
851
852
853
858
859
860
861
862
865
866
867
868
869
870
871
872
873
874
875
876
878
879
880
881
882
883
885
886
887
888
889
890
892
893
894
895
896
897
898
899
900
901
902
907
908
909
910
911
914
915
916
917
918
919
920
921
922
927
931
934
935
936
937
938
939
940
942
947
948
949
950
952
953
955
956
959
962
963
964
965
966
967
969
970
971
972
979
980
981
982
983
984
985
986
987
988
989
990
991
992
993
994
995
996
997
999
1000
1001
1002
1004
1005
1006
1007
1009
1010
1011
1012
1014
1015
1016
1017
