1 1
1 2
1 3
1 4
1 5
2 6
2 7
2 8
2 9
2 10
2 11
2 12
2 13
2 14
2 15
3 16
3 17
3 18
3 19
3 20
3 21
3 22
4 23
4 24
4 25
5 23
5 24
5 25
6 26
6 27
6 28
6 29
6 30
6 31
6 32
6 33
7 34
7 35
7 36
7 37
8 38
8 39
8 16
8 20
8 21
8 22
9 40
9 41
9 42
9 43
9 44
9 45
10 40
10 41
10 42
10 43
10 44
10 45
11 46
11 47
11 40
11 41
11 42
11 43
12 48
12 49
12 50
12 51
12 50
12 52
13 53
13 54
13 55
13 30
13 3
13 56
14 57
14 58
14 59
14 60
14 61
14 62
14 63
14 64
14 64
15 65
15 66
16 67
16 66
16 68
16 69
16 70
16 71
16 72
17 73
17 74
17 75
17 76
17 77
18 78
18 79
18 80
18 81
18 82
18 83
19 84
19 85
19 86
19 87
19 88
20 84
20 86
21 89
21 90
21 91
21 92
21 93
21 94
22 95
22 90
22 91
22 92
22 93
22 96
23 97
23 98
23 99
24 100
24 101
24 102
25 103
25 104
25 105
25 106
25 107
25 108
25 109
26 110
26 111
26 112
26 113
26 114
26 115
27 116
27 117
27 118
27 119
28 120
29 117
29 119
30 121
30 117
30 119
31 117
31 119
32 122
32 123
32 124
32 125
32 119
33 126
33 119
34 122
34 119
35 122
35 119
36 127
36 128
36 119
37 129
37 130
37 119
38 131
38 132
39 133
39 134
40 133
41 135
41 136
41 119
42 137
42 138
43 139
43 140
43 141
43 142
44 143
44 121
45 144
46 145
46 146
47 147
47 148
47 149
48 137
48 146
49 137
49 150
49 146
50 151
50 130
50 152
51 153
51 154
52 155
52 156
52 146
53 157
53 158
53 146
54 159
54 160
54 146
55 161
55 162
55 163
55 163
56 164
57 165
57 166
57 167
57 168
57 169
57 170
57 171
58 172
58 173
58 174
59 175
59 176
59 177
59 178
59 170
59 179
60 180
60 181
60 168
60 182
61 183
61 184
62 185
62 186
62 187
62 106
62 108
62 188
63 189
63 190
63 191
63 192
64 193
64 194
64 195
64 196
65 193
65 194
65 195
65 196
66 197
66 198
66 199
66 200
66 201
67 202
67 203
67 204
67 205
68 206
68 207
68 208
68 209
68 210
69 211
69 212
69 213
69 214
69 215
69 216
70 217
70 218
70 219
71 220
71 221
72 222
72 222
72 223
72 224
73 225
73 226
74 227
74 228
74 229
74 219
75 230
76 231
76 232
76 233
76 234
77 225
77 235
77 236
77 237
77 238
78 221
79 221
80 221
81 221
82 239
82 240
82 241
83 242
83 243
83 225
84 242
84 244
85 245
85 246
85 247
85 248
85 249
85 250
85 251
85 252
85 253
85 254
85 255
85 256
85 257
85 258
85 259
85 260
85 261
85 262
86 263
86 264
86 265
87 266
87 221
88 266
88 221
89 267
90 268
90 269
91 270
91 271
92 272
92 225
93 273
93 274
93 275
94 276
94 221
95 277
95 278
95 279
96 280
96 221
97 280
97 221
98 281
98 282
98 225
99 283
100 283
101 284
101 285
101 286
101 287
101 251
101 250
102 288
102 289
102 290
103 291
104 285
104 251
104 250
104 292
105 293
105 294
105 295
105 296
105 297
105 298
105 299
105 300
105 301
105 302
105 303
105 304
105 305
105 306
105 307
105 308
105 309
105 310
106 311
106 312
106 313
106 314
106 315
106 316
106 317
106 318
106 319
106 320
106 321
107 322
107 323
107 324
107 325
107 326
107 308
108 327
108 328
108 302
108 303
109 329
109 330
110 331
110 332
110 333
110 334
110 335
111 329
111 336
111 308
112 337
113 268
114 338
114 339
114 340
114 341
114 342
114 343
114 344
114 345
114 346
115 347
115 308
116 348
116 312
117 349
117 350
118 349
118 351
119 352
119 353
119 354
119 355
119 356
119 357
119 358
120 359
120 360
120 361
120 362
120 355
120 356
120 357
120 358
121 359
121 361
121 360
121 362
121 355
121 356
121 357
121 358
122 363
122 364
122 365
122 366
122 367
123 368
123 369
123 370
123 371
123 372
123 373
123 374
123 355
123 356
123 357
123 375
123 358
124 376
124 353
124 355
124 356
124 357
124 377
124 358
124 378
125 379
125 380
125 381
125 382
125 383
125 384
125 385
125 386
125 387
125 388
125 389
125 355
125 356
125 357
125 358
125 390
126 391
126 392
126 355
126 356
126 357
126 358
126 390
127 391
127 392
127 355
127 356
127 357
127 358
127 390
128 393
128 394
129 368
129 355
129 356
129 357
129 375
129 358
130 395
130 341
130 396
131 395
131 397
131 398
131 341
131 396
132 399
132 400
132 401
132 402
132 403
132 404
132 405
133 406
133 341
133 407
134 408
134 409
134 410
134 411
134 412
134 413
134 414
135 415
135 416
135 417
135 418
135 419
135 420
135 421
135 422
136 423
136 424
136 425
136 426
137 427
137 428
137 429
137 430
137 431
137 432
137 433
137 434
137 426
138 435
138 436
139 437
139 438
139 439
139 440
139 441
139 442
139 443
140 444
140 445
140 446
140 367
140 414
141 447
141 448
141 449
141 450
141 451
142 452
142 436
142 453
142 454
142 455
142 456
142 431
142 432
142 433
143 457
143 458
143 459
143 460
143 461
144 462
144 463
144 464
144 465
144 466
144 467
144 468
145 469
145 470
145 471
145 472
145 473
145 474
146 475
146 476
146 472
146 477
146 478
146 473
146 474
147 479
147 463
147 438
147 480
147 481
147 482
147 483
147 484
148 479
148 463
148 438
148 480
148 481
148 482
148 483
148 484
149 485
149 486
149 487
149 488
149 489
149 490
149 491
149 492
149 493
149 494
149 495
150 496
150 497
150 498
150 499
150 500
151 501
151 502
151 503
151 504
151 505
152 506
152 507
152 508
152 509
152 510
152 511
153 512
153 513
153 459
153 460
153 461
153 514
154 515
154 516
154 517
154 518
154 519
154 520
154 521
154 522
154 502
155 523
155 524
155 525
155 526
155 527
155 528
155 529
155 530
156 531
156 532
156 533
156 534
156 535
156 536
157 537
157 538
157 539
157 540
157 541
157 542
158 537
158 538
158 539
158 540
158 542
159 543
159 544
159 545
159 546
159 547
159 548
159 549
159 473
159 550
159 551
159 552
160 553
160 554
160 555
160 556
160 557
160 558
160 559
161 560
161 561
161 562
161 563
161 564
161 565
161 566
161 567
161 568
161 569
162 570
162 571
162 572
163 573
163 574
163 575
163 576
163 577
163 578
164 579
164 580
164 581
164 582
164 556
165 583
165 584
165 585
165 586
165 587
165 588
165 589
166 590
166 591
166 592
166 582
167 593
167 594
167 595
167 482
167 596
168 597
168 598
168 599
168 600
168 601
169 602
169 603
169 604
169 605
169 606
169 607
169 608
169 609
169 610
169 611
169 612
170 613
170 614
170 615
170 616
170 617
170 618
170 619
170 620
170 621
170 622
170 623
170 624
171 625
171 626
171 627
171 628
171 629
172 630
172 629
172 631
172 632
172 633
172 634
172 635
172 636
173 637
173 638
173 639
174 640
174 641
174 642
174 643
174 644
174 645
174 639
175 646
175 647
175 648
175 649
175 650
176 646
176 647
176 649
176 650
176 648
177 651
177 652
177 653
177 654
177 655
177 656
178 651
178 657
178 653
178 654
178 655
178 658
178 656
179 659
179 660
179 661
179 574
180 662
180 663
180 664
180 665
180 666
181 667
181 627
181 668
181 669
182 670
182 671
182 672
182 673
182 674
182 675
182 676
182 677
182 650
182 678
182 679
183 680
183 681
183 682
183 683
183 684
183 413
183 685
184 686
184 687
184 688
184 689
184 690
184 691
185 692
185 693
185 694
186 695
186 696
186 697
186 698
186 694
187 699
187 700
187 701
188 702
188 700
188 701
189 702
189 700
189 701
190 703
190 704
190 592
190 705
191 706
191 707
191 708
191 709
191 710
191 711
191 712
191 713
191 714
191 715
192 716
192 717
192 718
192 719
192 720
193 721
193 722
193 723
193 724
193 725
194 726
194 727
194 728
194 729
195 730
195 731
195 732
195 687
195 733
195 734
195 735
195 736
195 737
195 738
195 739
195 740
195 454
195 741
196 742
196 669
196 743
196 744
197 745
197 669
198 746
198 666
198 747
198 748
199 749
199 750
199 733
199 751
200 752
200 753
200 750
200 754
200 655
200 755
201 756
201 757
201 758
201 696
202 759
202 760
202 441
203 761
203 762
203 763
204 764
204 765
204 766
205 767
205 768
205 769
205 770
206 771
206 772
206 773
206 774
207 775
207 776
208 777
208 778
208 779
208 603
208 606
208 607
208 608
208 780
209 781
209 782
209 783
210 784
210 785
210 786
210 787
211 788
211 789
211 790
211 791
211 792
211 793
211 794
211 795
212 796
212 628
212 797
212 798
212 799
213 338
213 341
213 800
213 343
213 725
214 788
214 793
214 794
214 795
215 801
215 802
215 712
216 803
216 804
216 805
216 806
217 807
217 707
217 808
217 809
217 810
217 811
217 812
217 813
217 814
217 815
217 816
217 806
218 817
218 818
218 819
218 669
219 820
219 821
219 669
220 822
220 823
220 669
220 824
221 825
221 826
222 827
222 642
222 828
223 829
223 830
223 781
223 831
224 832
224 833
224 834
224 835
225 836
225 837
226 838
226 839
226 840
226 712
227 841
227 842
227 843
227 844
227 845
227 846
227 847
227 848
228 849
228 650
229 850
229 851
229 852
229 853
229 854
229 855
230 856
230 857
230 414
231 858
231 859
231 860
231 861
231 862
232 863
232 864
232 691
233 865
233 866
233 710
233 867
233 799
234 868
234 869
234 870
234 871
234 872
235 873
235 874
235 574
235 875
236 876
236 877
236 878
236 694
237 879
237 880
237 881
237 710
237 882
238 883
238 884
238 885
238 886
238 882
239 887
239 888
239 873
239 889
239 890
240 891
240 892
240 893
240 890
241 894
241 895
241 896
241 650
242 897
242 884
242 898
242 750
243 730
243 641
243 642
243 899
243 900
244 901
244 902
244 903
244 904
244 839
244 795
245 905
245 906
245 907
245 781
246 908
246 909
246 910
246 911
247 912
247 913
247 882
248 914
248 915
248 916
248 911
249 917
249 882
249 918
250 919
250 920
250 921
250 922
250 923
250 924
250 714
250 715
250 882
251 925
251 926
251 927
251 928
251 872
252 929
252 930
252 931
252 712
253 932
253 933
253 934
253 935
253 710
253 867
253 712
254 635
254 936
254 712
255 937
255 938
255 795
256 939
256 940
256 941
256 769
256 770
257 942
257 943
257 944
257 945
257 946
258 947
258 948
258 710
259 947
259 948
259 949
259 710
259 867
259 950
260 951
260 818
260 819
260 586
261 952
261 953
261 954
261 898
261 955
262 956
262 957
262 898
262 955
262 958
263 959
263 960
263 948
263 961
264 962
264 963
264 964
264 806
264 965
265 966
265 699
265 967
266 968
266 969
266 970
266 971
267 972
267 973
267 974
267 953
268 883
268 885
268 882
269 975
269 976
269 882
270 977
270 978
270 979
270 699
270 980
270 981
270 799
271 982
271 983
271 818
271 984
271 799
272 980
272 985
272 986
272 987
272 669
273 988
273 989
273 990
273 991
273 720
274 992
274 993
274 725
275 994
275 995
275 996
275 997
275 499
276 998
276 999
276 1000
276 1001
276 844
276 1002
277 1003
277 1004
277 607
277 1005
278 1006
278 996
278 997
278 1007
279 1008
279 1009
279 1010
279 1007
280 1011
280 857
280 1012
281 1013
281 1014
281 976
281 1015
281 1016
281 1012
282 1017
282 1018
282 1019
283 1020
283 870
283 1021
284 1022
284 996
284 844
284 1007
285 1023
285 642
285 1024
285 1025
286 642
286 644
286 1026
286 1027
286 1025
287 710
287 1028
287 1029
287 1025
288 1030
288 1031
288 1032
288 1033
288 1025
289 1034
289 699
289 1035
290 1036
290 1037
290 1038
290 1039
291 1040
291 1041
291 1039
292 1042
292 1043
292 700
292 1039
293 1044
293 1045
293 700
293 1039
294 1046
294 1010
294 1007
295 1047
295 1048
295 1049
295 710
295 867
295 1050
295 1007
296 1051
296 1052
296 1053
296 1025
297 1025
297 1052
297 1054
298 1055
298 1056
299 1057
299 1058
299 1059
300 1060
300 1037
300 1061
300 1059
301 1030
301 1062
301 1063
301 1064
301 1005
302 1065
302 1066
302 1067
302 1005
303 1068
303 1039
304 1069
304 1070
304 1071
304 1039
305 1072
305 1052
305 1073
306 1074
306 1075
306 1076
306 1077
306 1078
307 1072
307 1079
307 1073
308 1080
308 1081
308 1025
309 1082
309 1083
309 1084
309 1085
310 1086
310 1087
310 1088
310 1089
311 1090
311 1059
312 1040
312 1091
312 1092
312 1019
313 1093
313 864
313 1094
313 1012
314 1095
314 1096
314 1097
314 1012
315 1098
315 607
315 608
315 1099
315 1100
316 1101
316 1102
316 1103
316 1104
317 1105
317 1106
317 1107
317 1005
318 1108
318 735
318 1109
318 1110
318 1111
318 1019
319 1112
319 969
319 1113
319 1114
320 1115
320 747
320 1116
320 1117
321 1118
321 894
321 1119
321 1120
322 1121
322 1122
323 1123
323 1124
323 1125
323 1126
324 1127
324 1037
324 1061
324 1126
325 1128
325 1129
325 1130
325 1114
326 1131
326 1132
326 1114
327 1133
327 1134
327 1114
328 1135
328 1136
328 1137
329 1138
329 1139
329 787
330 1140
330 1141
330 1142
331 1143
331 1144
331 1025
332 710
332 814
332 996
332 816
332 704
332 1145
332 1146
333 1147
333 1148
333 1149
333 1146
334 1150
334 1151
334 1146
335 1143
335 1152
335 1153
335 1126
336 1154
336 1155
336 1156
336 1126
337 852
337 1157
337 1158
337 1159
337 1160
337 853
337 1161
338 852
338 1162
338 853
338 1163
338 1164
339 1165
339 1166
339 1167
339 1168
339 1169
339 1146
340 1170
340 1171
340 1172
340 1173
340 1174
341 1175
341 1176
341 1126
342 970
342 1177
342 1178
342 1126
343 1179
343 999
343 1000
343 1174
344 1180
344 1144
344 1181
344 1182
345 1183
345 1184
345 1185
345 1186
345 1187
346 1188
346 627
346 1189
346 1190
346 1191
346 1192
346 1187
347 1193
347 1194
348 1195
348 1196
348 1197
348 1198
349 1199
349 1200
349 1194
350 1201
350 1202
350 1203
350 1204
350 1205
350 1114
351 1201
351 1202
351 1203
351 1206
351 1205
351 1114
352 1207
352 1208
352 1209
352 1203
352 1192
352 1181
353 1210
353 1211
353 1144
353 1212
353 1174
354 1213
354 1214
354 1081
354 1215
354 1187
355 1216
355 1217
355 1218
355 1005
356 1219
356 1217
356 1218
356 1007
357 1220
357 1217
357 1218
357 1059
358 1221
358 1222
358 1203
358 1223
359 1224
359 1225
360 1226
360 1227
360 1228
361 1229
361 1230
361 1228
362 1231
362 1232
362 1233
362 1234
362 1104
363 1235
363 1236
363 1237
363 1228
364 1238
364 1228
365 1239
365 1240
365 1021
366 1217
366 1241
366 1242
366 1243
367 1244
367 1245
367 1246
367 1227
367 1247
367 1228
368 1248
368 1249
368 1250
368 1251
368 1228
369 1252
369 1249
369 1253
369 1228
370 1254
370 1255
370 1256
370 1228
371 1257
371 1258
371 1259
371 1260
371 1261
371 1262
372 1263
372 1040
372 1264
373 1265
373 1266
373 1267
373 710
373 711
373 1268
373 1225
374 1269
374 1270
374 1271
374 1228
375 1272
375 1273
375 1225
375 1274
376 1275
376 1276
377 1277
377 1278
377 1279
377 1280
377 1281
377 1282
377 1283
378 1284
378 1285
378 1286
379 1287
379 1288
379 1289
379 1225
380 1290
380 1124
380 1291
380 1292
381 1293
381 864
381 1125
381 1243
382 1294
382 1295
382 1296
383 1297
383 1298
383 1299
383 1283
384 1300
384 1301
384 1228
385 1302
385 1303
385 1304
385 1305
385 1306
385 1307
386 1308
386 1309
386 1310
386 1000
386 1311
387 1227
387 1312
387 1310
387 1313
387 1000
387 1225
388 1314
388 1315
388 1316
388 1317
388 1318
388 1319
389 1227
389 1310
389 1313
389 1000
389 1320
389 1321
390 1322
390 1323
390 1324
391 1325
391 1040
391 1326
391 1327
392 1328
392 1329
392 1330
392 1331
392 1332
393 1103
393 1333
393 1334
393 1335
394 1227
394 1336
394 1337
395 1338
395 1339
395 1340
395 1321
396 1341
396 1342
396 1343
396 1319
397 1344
397 1345
397 1346
398 1347
398 1218
398 1348
398 1349
399 1350
399 1351
399 1352
399 1319
400 1353
400 1354
400 1355
400 1349
401 1353
401 1354
401 1355
401 1349
402 1356
402 1357
402 1358
402 1359
402 1324
403 1360
403 1361
403 1362
403 1363
403 1349
404 1361
404 1363
404 1324
405 1364
405 1365
405 1366
405 1367
405 1349
406 1368
406 1369
406 1370
406 1371
406 1372
406 1373
407 821
407 1374
407 1375
407 1376
408 1377
408 1238
408 1378
408 1337
409 1379
409 1380
409 1381
409 1382
410 821
410 1383
410 1384
410 1373
411 1385
411 1386
411 1387
411 848
411 1388
411 1321
412 1389
412 1390
412 1391
412 1392
412 1393
412 1394
413 1395
413 1396
413 1397
413 1000
413 1398
413 1399
414 1400
414 1401
414 1402
414 1403
414 1404
415 1405
415 1406
415 1407
415 1408
415 1409
415 1410
415 496
415 1411
415 1412
415 1413
415 1414
416 1415
417 1416
417 1417
418 1418
418 1419
419 1420
420 1421
420 1219
420 1422
421 1423
422 1424
422 1425
422 1426
422 1227
422 1427
422 1428
422 1429
423 1430
423 1431
423 1432
424 1433
425 1434
426 1434
427 1435
428 1436
428 1437
428 1438
428 1439
428 1440
428 1441
428 1313
428 1442
428 1443
428 1444
428 1445
428 1446
429 1447
429 1040
429 1448
430 1449
430 1450
431 1451
432 1234
432 1227
432 1310
432 1452
432 1453
433 1454
433 1338
433 1234
433 1227
433 1310
433 1455
434 1310
434 1000
434 1456
435 1457
436 1072
436 1458
437 1459
437 1460
437 1461
437 1462
437 1463
437 1464
437 1465
437 1466
437 1467
437 1468
437 1469
438 1470
439 1471
439 1472
440 1227
440 1310
440 1312
440 1247
441 1473
442 1474
442 1475
442 1476
442 1477
442 1301
443 1435
444 1074
444 1478
445 1479
445 1480
446 1211
446 1481
447 1482
447 1483
448 1484
448 1485
449 1486
450 1487
450 1488
450 1489
450 1490
450 1491
450 1492
450 1493
451 1494
452 1495
452 942
452 1496
453 1227
453 1497
454 1498
454 1499
455 1500
455 1501
455 1502
455 400
456 1503
456 1504
456 1505
456 1319
457 1506
457 1507
457 1508
457 1509
458 1510
458 1511
458 1512
458 1513
459 1514
459 1515
459 1516
460 1517
460 1518
460 1519
461 1520
461 1521
461 1522
462 1338
462 1523
463 1524
463 1525
463 1526
464 1188
464 1527
464 1528
464 1341
465 1529
465 1530
465 1531
465 1532
465 986
465 1533
466 1534
466 1535
466 1536
466 1537
466 1538
466 1539
466 1540
466 1541
466 1542
466 1543
467 1544
467 1545
468 1546
469 1547
470 1548
470 1549
471 1550
472 1551
472 1552
473 1553
474 1219
474 1554
475 1555
476 1556
476 1557
476 1558
477 1234
477 1559
477 1560
478 1551
478 1561
479 1562
480 1563
480 1564
481 1565
481 1566
482 1567
482 1568
483 1569
483 1570
483 1571
483 1572
483 1573
483 1387
484 1574
484 1541
484 1575
484 1576
485 1577
486 1578
487 1547
488 1579
488 1580
489 1581
489 1579
490 1582
490 1471
491 1583
492 1584
492 1585
493 1586
493 1587
494 1588
494 1589
495 1590
495 1591
496 1592
497 1593
497 1594
498 1595
498 1541
499 1596
499 1597
500 1598
501 1338
501 1312
501 1227
501 1246
501 1247
502 1599
502 1600
503 1601
504 1602
504 1603
505 1604
506 1605
507 1606
508 1607
508 1608
509 1609
509 1234
510 1338
510 1610
511 1611
511 1612
511 1541
511 1613
511 1594
512 1614
512 1615
512 1338
513 1616
513 1541
513 1232
513 1231
513 1234
514 1617
514 1338
514 1618
514 1619
514 1620
514 1621
515 1622
516 1623
516 1624
516 1625
517 1626
517 1541
518 1627
518 1628
519 1629
519 1234
520 1294
520 1630
521 1631
522 1632
522 1633
523 1632
523 1634
524 1635
524 1636
524 1637
524 1638
525 1639
525 1640
526 1338
526 1641
527 1642
528 1643
529 1644
529 1645
530 1631
531 1646
531 1647
532 1434
532 1648
533 1649
534 1650
534 1651
535 1652
535 1653
536 1486
536 1654
537 1506
537 1655
538 1656
538 1657
539 1658
539 1659
540 1660
540 1661
541 1662
542 1663
542 1664
543 1506
543 1665
544 1656
544 1666
545 1667
545 1668
546 1669
546 1670
547 1479
547 1671
548 1663
548 1672
549 1673
550 1506
550 1674
551 1660
551 1675
552 1506
552 1676
553 1669
553 1677
554 1479
554 1678
555 1506
555 1679
556 1656
556 1680
557 1656
557 1681
558 1682
558 1683
559 1605
559 1684
560 1669
560 1685
561 1686
561 1687
562 1688
562 1689
562 1690
563 1691
563 1692
564 1693
565 1694
566 1695
566 1696
566 1697
567 1698
567 1699
567 1700
567 1701
567 1702
567 1703
568 1704
569 1705
569 1706
570 1707
571 1708
572 1709
572 1710
573 1711
573 1712
573 1338
573 1713
574 1714
575 1715
576 1234
576 1227
576 1233
577 1716
578 1717
579 1718
579 1716
580 1719
580 1720
581 1338
581 1721
583 1605
583 1722
584 1723
584 1724
584 1725
584 1726
585 1727
585 1728
585 1729
586 1730
586 1731
586 1732
586 1733
587 1734
588 1735
589 1631
589 1736
590 1737
591 1738
591 1739
592 1740
593 1669
593 1741
594 1742
594 1743
595 1744
595 1745
596 1746
597 1738
597 1747
598 1605
598 1748
599 1749
599 1750
600 1627
600 1751
601 1752
601 1753
602 1604
602 1754
603 1604
603 1755
604 1631
604 1756
605 1604
605 1757
606 1758
606 1759
607 1760
607 1761
608 1762
609 1763
609 1764
609 1765
609 1766
609 1767
609 1768
609 1769
610 1770
610 1771
611 1772
611 1773
611 1774
612 1544
613 1544
614 1338
614 1775
615 1338
615 1776
615 1777
616 1778
617 1779
618 1780
618 1781
618 1782
618 1696
618 1783
619 1784
620 1784
621 1785
622 1786
622 1787
623 1788
624 1471
624 1789
625 1790
625 1791
625 1338
625 1792
626 1566
626 1793
627 1227
627 1794
628 1795
629 1796
629 1797
630 1798
631 1799
632 1800
632 1801
632 1802
633 1803
633 1804
634 1805
635 1234
636 1806
637 1807
637 1808
637 1809
637 1810
637 1811
638 1812
638 1234
638 1813
639 1814
639 1815
640 1816
641 1817
641 1818
641 1819
642 1820
643 1821
643 1822
644 1823
645 1758
645 1824
646 1825
647 1605
647 1826
648 1827
648 1828
649 1829
650 1830
651 1758
651 1831
652 1832
653 1833
654 1827
654 1834
655 1818
655 1835
656 1836
656 1837
657 1838
658 1758
658 1839
659 1832
660 1840
661 1841
661 1842
662 1843
662 1786
662 1844
663 1845
663 1846
663 1847
663 1848
663 1338
663 1849
664 1850
665 1827
665 1851
666 1827
666 1852
667 1853
668 1854
668 1855
669 1856
669 1857
670 1338
670 1858
671 1859
672 1836
672 1860
673 1861
673 1862
674 1338
674 1863
675 1471
675 1864
676 1656
676 1865
677 1866
677 1867
677 1868
678 1869
679 1870
680 1871
681 1872
681 1873
682 1874
682 1875
682 1876
682 1877
682 1878
682 1879
683 1880
683 1691
683 1881
684 1882
685 1883
685 1884
686 1885
686 1886
686 1887
686 1888
686 1889
687 1890
687 1843
687 1891
688 1892
688 1893
689 1894
690 1895
690 1896
691 1802
692 1663
692 1897
693 1898
693 1899
694 1895
694 1900
695 1841
695 1901
696 1902
697 1902
698 1903
699 1820
699 1904
700 1905
700 1905
700 1906
701 1907
702 1908
702 1843
702 1909
702 1910
703 1911
704 1908
704 1843
704 1912
704 1913
704 1914
704 1915
704 1916
704 1917
704 1918
705 1908
705 1843
705 1919
706 1920
707 1234
707 1921
708 1922
709 1923
710 1924
710 1925
711 1924
711 1926
712 1927
713 1928
713 1929
714 1930
714 1931
715 1932
715 1933
716 1934
716 1935
717 1936
717 1937
717 1938
717 1939
717 1940
718 1941
718 1942
718 1943
718 1944
718 1945
718 1946
718 1947
718 1948
719 1949
719 1950
719 1951
720 1952
720 1953
721 1760
721 1954
722 1895
722 1955
723 1956
723 1957
724 1958
724 1959
725 1958
725 1960
726 1892
726 1961
727 1962
727 1963
728 1964
728 1965
729 1966
730 1905
730 1967
731 1968
731 1906
732 1969
732 1970
733 1971
733 1972
734 1958
734 1973
735 1956
735 1974
736 1964
736 1975
737 1976
737 1977
739 917
739 1978
740 1979
741 1980
741 1981
742 1982
743 1983
743 1984
744 1985
745 1986
745 1987
746 1566
746 1338
746 1234
746 1227
746 1988
746 1989
747 1990
748 1991
748 1992
748 1993
748 1994
749 1932
749 1995
750 1996
750 1997
750 1998
751 1999
752 2000
753 2001
753 2002
753 1962
753 2003
754 2004
755 2005
755 1338
755 2006
756 1602
756 2007
756 2008
756 2009
756 2010
756 2011
756 2012
757 2013
757 2014
758 1908
758 1843
758 2015
759 1908
759 1843
759 2016
760 2017
760 2018
761 2019
761 2020
762 2021
762 2022
763 2021
764 1752
764 2023
765 1588
765 2024
766 1962
767 2025
767 2026
768 2027
768 2028
769 2029
769 2030
769 2031
769 2032
769 2033
769 2034
769 2035
769 2036
770 2037
771 2038
771 2039
772 2040
773 2041
774 2042
774 2043
774 2044
775 2045
776 2046
776 2047
777 2048
777 1860
778 2049
779 2050
780 2051
780 2052
781 2051
781 2053
782 2054
783 2055
783 2056
784 1964
784 2057
785 2058
786 2059
786 2060
787 1820
787 2061
788 2062
788 2063
789 2064
789 2065
790 2066
790 2067
791 2068
791 2069
792 2070
793 2071
794 1749
794 2072
795 2073
795 2074
796 2075
796 2076
796 2007
796 2008
796 2010
796 2077
797 2078
797 2079
797 2080
797 2081
797 2082
798 2083
799 2084
799 2085
799 2086
800 2087
800 2088
801 2089
801 1950
801 2090
802 2091
803 1956
804 2092
805 2093
806 2094
806 2095
806 2096
807 2097
808 2098
808 2099
809 2100
811 2101
811 2102
812 2103
812 2104
813 2105
813 2106
814 2107
814 2108
815 2109
815 2110
816 2111
816 2112
817 2105
817 2113
818 2111
818 2114
819 2115
820 2105
820 2116
821 2117
821 2118
822 2119
823 2120
823 2121
824 2122
825 2123
825 2124
826 2105
826 2125
827 2126
827 2127
828 2128
829 2129
830 2084
830 2130
831 2131
832 2059
832 2132
833 2133
833 2134
833 2135
834 2136
835 2137
835 2138
835 2139
836 2140
836 2141
837 2142
838 2143
839 2144
839 2145
840 2146
840 2147
841 2148
842 1698
842 2149
842 1702
843 2107
843 2150
844 2151
845 2152
846 1338
846 2153
847 2154
847 2155
848 2156
849 1950
849 2090
850 2157
851 2158
852 2159
853 2160
853 2161
854 2162
854 2163
855 2164
855 1442
855 2165
856 2166
857 2167
857 1875
858 2168
859 2169
860 2170
862 2171
863 2172
863 1338
863 2173
864 1234
865 2174
865 2175
865 2176
865 2177
866 2178
867 2179
868 2180
869 2181
870 2182
871 2183
872 2184
873 2148
873 2185
874 2186
875 2187
876 2188
876 2189
877 1566
877 1234
877 1227
878 2190
879 2191
881 2192
882 2193
883 2194
884 2195
885 2196
886 2197
887 2198
888 2199
889 2200
890 2201
891 2202
892 2203
893 2204
894 2205
895 2206
896 2207
897 2208
898 2209
899 2210
900 2211
901 2212
902 2213
903 2214
903 2215
903 2216
903 2217
904 2218
905 2219
906 2218
912 2220
913 2220
914 2221
915 2222
916 2223
917 2224
918 2225
919 2226
920 2227
921 2228
922 2229
923 2230
923 2231
923 2232
923 2233
923 2234
923 2235
923 2236
923 2237
923 2238
924 2239
925 2240
925 2241
925 2231
925 2242
925 2237
925 2243
926 2244
926 2245
926 2246
926 2247
927 2248
928 2249
929 2250
932 2230
932 2251
932 2237
932 2252
933 2253
934 2254
935 2255
935 2256
935 2257
936 2258
936 2259
936 2260
936 2261
936 2262
937 2263
937 2264
938 2265
938 2266
939 2267
939 2268
940 2269
940 2270
943 2271
944 2241
944 2272
945 2273
945 2274
945 2275
945 2276
946 2277
946 2278
947 2279
948 2280
948 2281
949 2154
949 2282
949 2283
950 2284
950 2285
951 1234
952 1604
953 2111
953 2286
954 2287
954 2237
954 2288
955 2289
955 2290
955 2291
956 2292
957 2293
957 2294
957 2295
957 2296
958 2297
958 2298
958 2299
958 2300
958 2301
959 2101
959 2302
960 2303
960 2089
960 2304
961 2305
961 2306
961 2307
962 2308
962 2309
963 2308
963 2310
964 2311
964 2312
965 2313
965 2314
966 2315
967 2316
968 2317
968 2318
969 2308
969 2319
970 2313
970 2320
971 2321
971 2322
972 2323
972 2324
972 2325
972 2326
972 2327
972 2328
972 2329
973 1566
973 2330
974 2331
975 2332
976 2333
976 2334
976 2335
977 2336
978 2337
978 2338
978 2339
978 2340
979 1760
979 2341
980 2342
981 2343
981 2344
982 2345
983 2346
983 2347
984 2348
985 2349
986 2342
987 2316
987 2350
988 2351
988 2352
989 2353
990 2354
992 2355
992 2356
993 2357
993 2358
994 2359
995 2359
996 2360
996 2361
996 2362
996 2363
997 2364
998 1338
998 2365
999 2366
1000 2367
1000 2368
1001 2367
1001 2369
1002 2367
1002 2370
1003 2371
1004 2372
1005 2373
1006 2374
1006 2375
1007 2376
1007 2377
1009 2357
1009 2378
1010 2374
1011 2379
1012 2379
1013 2380
1013 2381
1013 2382
1014 2383
1015 2384
1015 2385
1016 2386
1017 2387
1017 2388
