1 1
1 2
2 3
2 4
2 5
2 6
2 7
3 8
3 9
3 10
4 11
4 12
5 11
5 12
6 13
6 14
7 15
7 16
8 17
8 8
8 10
9 18
9 19
9 20
10 18
10 19
10 20
11 21
11 18
11 19
11 20
11 22
12 23
12 24
12 25
12 26
12 25
12 27
13 28
13 14
13 2
14 29
14 30
14 31
14 31
15 32
16 33
16 34
16 35
16 36
17 37
18 38
18 39
19 40
19 41
20 40
21 42
21 43
22 44
23 45
23 46
24 47
24 48
25 49
25 50
25 51
25 52
25 53
26 54
26 55
26 56
27 57
27 58
27 59
28 60
29 58
29 59
30 61
30 58
30 59
31 58
31 59
32 62
32 63
32 64
32 65
32 59
33 66
33 59
34 62
34 59
35 62
35 59
36 67
36 68
36 59
37 69
37 70
37 59
38 71
39 72
40 72
41 73
41 74
41 59
42 75
42 76
43 77
43 78
44 79
44 61
45 80
46 81
46 82
47 83
47 84
48 75
48 82
49 75
49 82
50 85
50 70
51 86
51 87
52 88
52 89
52 82
53 90
53 91
53 82
54 92
54 93
54 82
55 94
55 95
55 96
55 96
56 97
57 98
57 99
57 100
57 101
57 102
58 103
59 104
59 105
59 106
59 101
60 107
60 99
60 108
61 109
61 110
62 111
62 112
62 51
62 113
63 114
63 115
63 116
64 117
64 118
65 117
65 118
66 119
66 120
66 121
67 122
67 123
68 124
69 125
69 126
69 127
70 128
70 129
71 130
72 131
72 131
72 132
72 133
73 134
73 135
74 136
74 129
76 137
77 134
77 138
77 139
77 140
77 141
82 142
82 143
82 144
83 145
83 146
83 134
84 145
84 147
85 148
85 149
85 150
85 151
85 152
85 153
85 154
85 155
85 156
85 157
85 158
85 159
85 160
85 161
85 162
85 163
86 164
86 165
86 166
87 167
88 167
89 168
90 169
91 137
92 170
92 134
93 171
93 172
94 173
95 174
95 175
95 176
96 177
97 177
98 178
98 134
99 179
100 179
101 180
101 181
101 182
101 183
101 152
101 151
102 184
103 185
104 181
104 152
104 151
104 186
105 187
105 188
105 189
105 190
105 191
105 192
105 193
105 194
105 195
105 196
105 197
105 198
105 199
106 200
106 201
106 202
106 203
107 204
107 205
107 206
107 207
108 208
108 209
108 193
108 194
109 210
110 211
110 212
110 213
111 210
111 214
112 215
113 169
114 216
114 217
115 218
116 219
116 201
117 220
117 221
118 220
118 222
119 223
119 224
120 225
120 226
120 227
121 225
121 226
121 227
122 228
122 229
123 230
123 231
123 232
123 233
123 234
123 235
124 236
124 224
124 237
125 238
125 239
125 240
125 241
125 242
125 243
125 244
125 245
125 246
125 247
125 248
126 249
126 250
127 249
127 250
128 251
129 230
129 235
130 252
131 252
131 253
131 254
132 255
132 256
133 257
134 258
134 259
134 260
135 261
135 262
136 263
137 264
137 265
137 266
138 267
139 268
140 269
140 270
141 271
142 272
142 273
142 274
142 275
142 276
143 277
144 278
145 279
145 280
146 281
146 282
146 283
147 284
148 284
149 285
149 286
149 287
149 288
149 289
149 290
149 291
149 292
149 293
150 294
151 295
151 296
152 297
152 298
153 299
153 300
154 301
154 302
154 303
155 304
155 305
155 306
155 307
155 308
155 309
155 310
156 311
156 312
156 313
157 314
157 315
157 316
158 314
158 315
159 317
159 318
159 319
159 320
159 321
159 322
160 323
160 324
161 325
161 326
161 327
161 328
162 329
162 330
163 331
163 332
163 333
163 334
167 335
167 336
168 337
168 338
169 339
169 340
169 341
169 342
169 343
169 344
169 345
170 346
170 347
170 348
170 349
170 350
170 351
170 352
170 353
171 354
171 355
172 356
172 357
172 358
172 359
173 360
174 361
174 362
174 363
174 364
175 365
176 365
177 366
177 367
177 368
178 366
178 367
178 368
179 369
180 370
181 371
182 372
182 373
182 374
182 375
182 376
182 377
182 378
182 379
182 380
182 381
183 382
183 383
183 384
183 385
184 386
184 387
185 388
186 389
190 390
191 391
191 392
191 393
191 394
191 395
191 396
191 397
191 398
191 399
192 400
192 401
192 402
192 403
193 404
193 405
194 406
194 407
194 408
195 409
195 410
195 387
195 411
195 412
195 413
195 414
195 415
195 416
195 417
195 418
195 274
196 419
198 420
199 421
199 411
200 422
200 423
200 424
201 425
201 426
203 427
204 428
204 429
205 430
205 431
206 432
206 433
206 434
207 435
208 436
208 437
208 438
208 340
208 343
208 344
208 345
208 439
209 440
210 441
211 442
211 443
211 444
211 445
211 446
212 447
213 216
214 442
215 448
216 449
217 450
217 392
217 451
217 452
217 453
217 454
217 455
217 456
217 457
217 458
217 459
218 460
219 461
220 462
221 463
222 464
222 363
223 465
223 466
224 467
225 468
226 469
226 470
227 471
227 472
227 473
227 474
227 475
227 476
227 477
228 478
229 479
229 480
229 481
229 482
229 483
230 484
231 485
231 486
232 487
233 488
233 489
233 395
233 490
234 491
235 492
236 493
236 494
237 495
237 496
237 497
237 395
238 498
239 499
239 500
240 501
242 502
243 409
243 362
243 363
243 503
244 504
244 505
244 506
245 507
246 508
247 509
248 510
248 511
248 512
249 513
250 514
250 515
250 516
250 517
250 518
250 519
250 398
250 399
251 520
251 521
252 522
253 523
253 524
253 525
253 526
253 395
253 490
254 527
255 528
256 529
256 530
257 531
258 532
258 395
259 532
259 533
259 395
259 490
259 534
260 535
261 536
261 537
262 538
262 539
263 540
263 541
263 542
264 543
264 544
265 545
266 546
266 547
266 548
267 549
268 498
269 550
270 551
270 552
270 553
270 554
271 555
271 556
272 557
273 558
273 559
273 560
274 561
275 562
275 563
275 564
275 565
276 566
276 567
276 568
276 569
276 474
277 570
277 571
277 344
278 572
278 564
278 565
279 573
281 574
282 575
283 576
284 577
284 564
284 474
285 578
285 363
285 579
286 363
286 580
286 581
287 395
287 582
287 583
288 584
289 585
290 586
291 587
291 588
292 589
293 590
295 591
295 395
295 490
296 592
297 593
298 594
299 595
300 596
301 597
302 598
303 599
304 600
304 601
304 602
306 603
308 604
309 605
310 606
310 607
311 608
312 587
312 609
312 610
313 611
314 612
314 613
314 614
315 615
315 344
315 345
316 616
317 617
317 618
318 619
318 413
318 620
318 621
319 622
319 547
319 623
320 624
321 625
322 626
323 627
324 628
325 629
325 630
326 631
327 632
328 633
332 395
332 457
332 564
332 459
332 634
333 635
333 636
334 637
335 638
336 639
337 481
337 640
337 641
337 642
337 643
337 482
338 481
338 644
338 482
339 645
339 646
339 647
339 648
339 649
340 650
340 651
340 652
341 653
342 548
342 654
342 655
343 656
343 567
343 568
344 657
345 658
345 659
345 660
346 661
346 662
346 663
346 664
347 665
348 666
348 667
349 668
349 669
350 670
350 671
350 672
351 670
351 673
351 672
351 674
352 675
352 670
352 664
353 561
353 676
354 677
354 678
354 679
355 680
356 680
357 680
358 681
358 670
359 682
360 683
360 684
361 685
362 686
362 687
362 688
363 689
366 680
366 690
367 691
367 692
367 684
367 693
368 694
368 695
369 696
370 697
371 698
371 699
371 700
371 701
371 702
371 703
372 704
372 587
373 705
373 706
373 707
373 395
373 396
373 708
374 709
374 710
375 711
375 712
375 713
376 714
377 715
377 716
377 717
377 718
377 719
377 720
378 721
379 722
380 723
381 724
383 725
384 726
384 727
385 728
385 729
386 730
386 731
386 732
386 568
387 684
387 733
387 732
387 734
387 568
388 735
388 736
388 737
388 738
388 739
389 684
389 732
389 734
389 568
389 740
390 741
391 742
391 587
391 743
392 744
392 745
393 746
394 684
394 747
395 748
395 749
396 750
397 751
398 752
399 753
400 754
400 755
401 754
401 755
402 756
402 757
402 758
403 759
403 760
404 760
405 761
405 762
406 763
406 764
406 765
406 766
407 767
408 768
409 769
410 770
411 771
411 772
411 773
411 477
411 774
412 775
412 776
412 777
412 778
413 779
413 780
413 781
413 568
413 782
414 783
414 784
414 785
414 786
415 787
415 788
415 789
415 790
415 791
415 792
415 793
415 794
416 795
417 796
418 797
419 798
420 799
420 800
421 801
422 802
422 803
422 804
422 684
422 805
422 806
423 807
423 808
423 809
423 810
424 811
428 812
428 813
428 814
428 815
428 816
428 817
428 734
428 818
428 819
428 820
428 821
428 822
429 823
429 587
429 824
430 825
431 826
432 688
432 684
432 732
432 827
432 828
433 829
433 748
433 688
433 684
433 732
433 828
434 732
434 568
434 828
435 830
436 831
437 832
437 833
437 834
437 835
437 836
437 837
437 838
437 839
437 840
437 841
437 842
438 843
439 844
440 684
440 732
440 828
440 693
441 845
442 846
442 847
442 848
442 849
442 727
444 850
445 851
446 852
447 853
447 854
448 855
450 856
450 857
450 858
450 859
450 860
450 861
450 862
451 863
452 864
452 865
453 684
453 866
454 867
455 868
457 869
458 870
458 871
458 872
459 873
460 874
461 875
462 748
462 876
463 877
463 878
464 661
464 879
465 880
465 881
465 882
465 883
466 884
466 885
466 886
466 887
466 888
466 889
466 890
466 891
466 892
466 893
467 894
467 895
468 896
469 897
470 898
471 899
472 900
473 901
474 902
475 903
476 904
476 905
477 688
477 906
477 907
478 908
480 909
481 910
481 911
482 912
483 913
483 914
483 915
483 916
483 917
483 773
484 918
484 891
484 919
484 920
485 921
486 922
487 897
488 923
489 924
490 925
491 926
492 927
493 928
494 929
495 930
495 931
496 932
496 933
497 934
497 935
498 936
498 891
499 937
499 938
500 939
501 748
501 733
501 684
501 692
501 693
504 940
504 941
507 942
508 943
509 944
509 688
510 748
510 945
511 946
511 947
511 891
511 948
511 935
512 949
512 950
512 748
513 891
513 687
513 686
513 688
514 951
514 748
514 952
514 953
514 954
514 955
515 956
516 957
516 958
516 959
517 861
517 891
518 960
519 961
519 688
520 962
522 963
523 963
524 964
524 965
524 966
524 967
525 968
525 969
526 748
526 970
528 971
529 972
529 973
531 974
531 975
532 976
533 977
534 978
534 979
535 980
536 981
537 982
538 983
539 984
540 985
541 986
542 987
543 988
544 989
545 990
546 991
547 992
548 993
549 994
550 995
551 996
552 997
553 998
554 999
555 1000
556 1001
557 1002
557 1003
558 1004
559 1005
560 1006
561 1007
562 1008
562 1009
562 1010
563 1011
563 1012
564 1013
565 1014
566 1015
566 1016
566 1017
567 1018
567 1019
567 1020
567 1021
567 1022
567 1023
568 1024
569 1025
570 1026
571 1027
572 1028
573 1029
573 1030
573 748
573 1031
574 1032
575 1033
576 688
576 684
576 1034
577 1034
578 1034
579 1035
579 1034
580 1036
581 748
581 1037
583 1038
584 1039
584 1040
584 1041
584 1042
585 1043
585 1044
585 1045
586 1046
586 1047
586 1048
589 1049
590 1050
591 1051
592 1052
594 1053
595 1054
596 1055
597 1056
598 1057
599 1058
600 1059
601 1060
602 1061
603 1062
604 1063
605 1064
606 1065
607 1066
608 1067
609 1068
609 1069
609 1070
609 1071
609 1072
609 1073
609 1074
610 1075
610 1076
611 1077
611 1078
611 1079
612 1080
613 1080
614 748
614 1081
615 748
615 1082
615 1083
616 1084
617 1085
618 1086
618 1087
618 1088
618 1016
618 1089
619 1090
620 1090
621 1091
622 1092
622 1080
623 1093
624 1094
625 1095
625 1096
625 748
625 1097
626 911
626 1098
627 684
627 1099
628 1100
629 1101
630 1102
631 1103
632 1104
632 1105
632 1106
633 1107
633 1108
634 1109
635 1110
635 688
637 1111
637 1112
637 1113
637 1114
637 1115
638 1116
638 688
638 1117
639 1118
640 1042
641 1119
641 1120
643 1121
643 1122
644 1123
645 1124
646 1125
647 1126
648 1127
648 1128
648 1129
648 1130
648 1131
648 1132
648 1133
648 1134
649 1135
650 1136
651 1137
652 1138
653 1139
654 1140
655 1141
656 1142
657 1143
658 1144
659 1138
660 1145
661 1146
662 1147
662 1092
662 1148
663 1149
663 1150
663 1151
663 1152
663 748
663 1153
664 1154
665 1155
666 1155
667 1156
668 1157
669 1158
670 748
670 1159
671 1160
672 1161
673 1162
674 748
674 1163
675 1164
676 1165
677 1166
677 1167
677 1168
678 1169
679 1170
680 1171
681 1170
682 1172
682 1173
682 1174
682 1175
682 1176
682 1177
683 1178
683 1011
683 1179
684 1180
685 1181
686 1182
686 1183
686 1184
686 1185
686 1186
687 1187
687 1147
687 1188
688 1189
689 1190
690 1191
691 1192
692 1193
693 1194
694 1195
695 1196
696 1197
697 1197
698 1198
699 1199
700 1200
701 1201
702 1202
702 1147
702 1203
702 1204
703 1205
704 1202
704 1147
704 1206
704 1207
704 1208
704 1209
704 1210
704 1211
704 1212
705 1202
705 1147
705 1213
706 1214
707 688
707 1215
708 1216
709 1217
710 1218
711 1218
712 1219
713 1220
713 1221
714 1222
715 1223
716 1224
717 1225
717 1226
717 1227
717 1228
717 1229
718 1230
718 1231
718 1232
718 1233
718 1234
718 1235
718 1236
718 1237
719 1238
719 1239
719 1240
720 1241
721 1242
722 1243
723 1244
724 1245
725 1245
726 1246
727 1247
728 1243
729 1248
730 1249
731 1250
732 1251
733 1252
734 1253
735 1254
736 1255
737 1256
739 1257
740 1258
741 1259
742 1260
743 1261
743 1262
745 1263
746 911
746 748
746 688
746 684
746 1264
746 1265
747 1266
748 1267
748 1268
748 1269
748 1270
749 1271
750 1272
750 1273
750 1274
751 1275
752 1276
753 1277
753 1278
753 1279
754 1280
755 1281
755 748
755 1282
756 940
756 1283
756 1284
756 1285
756 1286
756 1287
756 1288
757 1289
758 1202
758 1147
758 1290
759 1202
759 1147
759 1291
760 1292
760 1293
761 1294
762 1295
764 1296
764 1297
765 1298
767 1299
767 1300
768 1301
769 1302
769 1303
769 1304
769 1305
769 1306
769 1307
769 1308
769 1309
770 1310
771 1311
772 1312
773 1313
774 1314
774 1315
774 1316
775 1317
776 1318
777 1319
778 1320
780 1321
781 1322
782 1323
783 1324
784 1325
785 1326
786 1327
787 1328
788 1329
789 1330
790 1331
791 1332
792 1333
793 1334
794 1335
795 1336
796 1337
796 1338
796 1283
796 1284
796 1286
796 1339
797 1340
797 1341
797 1342
797 1343
797 1344
798 1345
799 1346
799 1347
799 1348
800 1349
801 1350
801 1239
801 1351
802 1352
804 1353
805 1354
806 1355
806 1356
806 1357
807 1358
808 1359
809 1360
811 1361
812 1362
812 1363
813 1364
814 1365
815 1366
816 1367
817 1368
818 1369
819 1370
820 1371
821 1372
822 1373
823 1374
824 1375
825 1372
826 1376
827 1377
828 1378
829 1378
830 1346
830 1379
832 1380
833 1381
833 1382
833 1383
834 1384
835 1385
835 1386
835 1387
836 1388
838 1389
839 1390
840 1391
840 1392
842 1018
842 1393
842 1022
843 1394
844 1395
845 1396
846 748
846 1397
847 1398
848 1399
849 1239
849 1400
850 1401
851 1402
852 1403
853 1404
854 1405
854 1406
855 1407
855 818
855 1408
856 1409
857 1410
857 1173
858 1411
859 1411
860 1411
862 1412
863 1413
863 748
863 1414
864 688
865 1415
865 1416
865 1417
865 1418
866 1419
867 1420
868 1421
869 1422
870 1423
871 1424
872 1425
873 1426
874 1427
875 1428
876 1429
876 1430
877 911
877 688
877 684
878 1431
879 1432
881 1433
882 1434
883 1435
884 1110
884 1436
885 1437
886 1438
887 1439
888 1440
889 1441
890 1442
891 1443
892 1444
893 1445
894 1446
895 1447
896 1448
897 1449
898 1450
899 1451
900 1452
901 1453
902 1454
903 1455
903 1456
903 1457
903 1458
904 1459
905 1460
906 1459
907 1461
908 1461
909 1461
912 1462
913 1462
914 1463
915 1464
916 1465
917 1466
918 1467
919 1468
920 1469
921 1470
922 1471
923 1472
923 1473
923 1474
923 1475
923 1476
923 1477
923 1478
923 1479
923 1480
924 1481
925 1482
925 1483
925 1473
925 1484
925 1479
925 1485
926 1486
926 1487
926 1488
926 1489
928 1490
929 1491
932 1472
932 1492
932 1479
932 1493
933 1494
934 1495
935 1496
935 1497
935 1498
936 1499
936 1500
936 1501
936 1502
936 1503
937 1504
938 1505
939 1506
940 1507
943 1508
944 1483
944 1509
945 1510
945 1511
945 1512
945 1513
946 1514
946 1515
947 1516
948 1517
949 1518
949 1519
949 1520
950 1521
951 688
953 1522
954 1523
954 1479
954 1524
955 1525
955 1526
955 1527
956 1528
957 1529
957 1530
957 1531
957 1532
958 1533
958 1534
958 1535
958 1536
958 1532
959 1537
960 1538
960 1350
960 1539
961 1540
961 1541
961 1542
962 1543
963 1544
964 1545
965 1546
966 1547
968 1548
968 1549
969 1550
970 1551
971 1552
971 1553
972 1554
972 1555
972 1556
972 1557
972 1558
972 1559
972 1560
973 911
973 1561
974 1562
975 1563
976 1564
976 1565
976 1566
977 1567
978 1568
978 1569
978 1570
978 1571
979 1572
981 1573
981 1574
982 1575
983 1576
984 1577
985 1578
987 1579
988 1580
989 1581
990 1582
992 1583
993 1584
996 1585
996 1586
996 1587
996 1588
997 1589
998 748
998 1590
1000 1591
1001 1592
1002 1593
1003 1594
1004 1595
1004 1596
1004 1597
1004 1598
1005 1599
1007 1600
1009 1601
1013 1602
1013 1603
1013 1604
1015 1605
1017 1606
1018 1607
1018 1608
1022 1609
1022 1610
1022 1611
1022 1612
1022 1613
1022 1614
1024 1615
1025 1616
1026 1617
1034 1618
1035 1619
1036 1620
1036 1621
1036 1622
1036 1623
1038 1624
1039 1625
1040 1625
1049 1626
1049 1627
1049 1628
1049 1629
1049 1630
1050 1631
1050 1632
1050 1633
1050 1634
1052 1626
1052 1635
1053 1636
1053 1637
1053 1638
1053 1639
1054 1640
1055 1640
1056 1640
1066 1641
1067 1642
1084 1643
1084 1644
1085 1645
1085 1646
1085 1647
1086 1648
1086 1649
1086 1650
1087 1651
1087 1652
1087 1650
1088 1653
1088 1654
1088 1655
1089 1656
1089 1657
1089 1658
1089 1659
1090 1656
1090 1657
1090 1660
1090 1661
1091 1656
1091 1658
1091 1659
1091 1660
1091 1662
1091 1663
1092 1656
1092 1657
1092 1659
1092 1660
1100 1664
1109 1645
1109 1665
1110 1664
1112 1666
1113 1666
1143 1667
1204 1668
1205 1669
1206 1669
1233 1670
1233 1671
1233 1672
1233 1673
1250 1674
1251 1675
1252 1676
1254 1677
1263 1678
1263 1679
1263 1680
1263 1681
1263 1682
1263 1683
1263 1672
1269 1684
1269 1685
1269 1686
1269 1687
1276 1688
1283 1689
1283 1690
1283 1691
1283 1692
1289 1693
1289 1694
1289 1694
1289 1695
1289 1696
1291 1689
1291 1697
1291 1698
1292 1699
1292 1699
1292 1700
1292 1701
1292 1702
1292 1703
1293 1704
1293 1705
1293 1706
1294 1707
1294 1708
1294 1501
1294 1709
1294 1710
1295 1711
1295 1711
1295 1712
1295 1698
1296 1713
1296 1714
1296 1715
1296 1716
1296 1717
1296 1718
1296 1719
1296 1720
1297 1689
1297 1721
1297 1722
1298 1723
1299 1724
1300 1724
1301 1725
1301 1726
1302 1727
1304 1728
1304 1729
1304 1730
1304 1731
1305 1732
1305 1733
1305 1734
1305 1735
1305 1736
1306 1737
1307 1727
1309 1738
1310 1723
1310 1739
1311 1723
1311 1740
1312 1723
1312 1741
1313 1742
1313 1743
1313 1744
1313 1745
1313 1746
1313 1747
1313 1748
1313 1749
1314 1750
1315 1751
1315 1752
1316 1727
1317 1693
1317 1753
1317 1754
1319 1755
1319 1756
1319 1757
1319 1758
1319 1759
1319 1760
1319 1761
1319 1762
1320 1763
1321 1723
1321 1764
1322 1765
1322 1766
1322 1731
1323 1727
1324 1725
1324 1767
1325 1768
1326 1768
1329 1769
1329 1693
1329 1770
1331 1771
1331 1771
1331 1772
1332 1773
1332 1774
1332 1772
1333 1775
1333 1776
1334 1777
1335 1777
1336 1777
1337 1777
1338 1777
1339 1777
1340 1777
1341 1777
1342 1777
1343 1777
1344 1777
1345 1777
1346 1777
1347 1777
1348 1777
1349 1777
1350 1777
1351 1777
1352 1777
1353 1777
1354 1777
1355 1777
1356 1778
1356 1779
1356 1780
1356 1781
1357 1782
1358 1783
1358 1784
1358 1785
1358 1786
1358 1787
1358 1782
1359 1788
1359 1789
1359 1790
1359 1791
1359 1782
1360 1777
1361 1792
1361 1793
1361 1689
1361 1794
1361 1795
1362 1768
1364 1796
1365 1797
1365 1798
1366 1799
1368 1800
1368 1801
1368 1802
1368 1803
1368 1804
1368 1805
1368 1806
1371 1807
1371 1808
1371 1809
1371 1810
1371 1811
1372 1812
1372 1813
1372 1814
1372 1815
1374 1811
1375 1816
1375 1817
1375 1818
1375 1819
1375 1820
1376 1821
1376 1822
1377 1823
1377 1824
1378 1825
1378 1824
1379 1826
1379 1827
1379 1824
1380 1824
1381 1828
1381 1828
1381 1824
1382 1829
1382 1830
1382 1824
1383 1831
1383 1832
1383 1833
1383 1824
1384 1834
1384 1830
1384 1824
1385 1830
1385 1835
1385 1836
1385 1837
1385 1824
1386 1824
1387 1838
1387 1839
1387 1824
1388 1808
1388 1840
1388 1689
1388 1811
1389 1808
1389 1811
1390 1841
1390 1842
1391 1843
1392 1844
1393 1797
1393 1845
1394 1846
1394 1808
1394 1847
1394 1848
1394 1849
1394 1850
1394 1849
1394 1851
1395 1852
1396 1693
1396 1853
1397 1793
1397 1854
1398 1855
1398 1856
1398 1857
1398 1811
1400 1858
1400 1859
1400 1806
1401 1860
1401 1792
1401 1811
1402 1861
1402 1862
1402 1863
1402 1843
1403 1864
1403 1865
1403 1863
1404 1866
1404 1867
1404 1868
1407 1869
1408 1727
1408 1870
1409 1871
1410 1727
1410 1872
1414 1873
1414 1874
1414 1689
1414 1875
1414 1876
1415 1877
1415 1878
1415 1879
1415 1880
1415 1881
1416 1882
1416 1883
1419 1884
1419 1885
1424 1797
1424 1886
1425 1797
1425 1886
1426 1887
1426 1888
1427 1889
1427 1890
1428 1891
1428 1892
1428 1893
1429 1894
1429 1818
1429 1895
1429 1896
1430 1897
1430 1898
1430 1899
1430 1869
1431 1900
1431 1901
1431 1902
1432 1889
1432 1903
1433 1904
1433 1905
1433 1906
1434 1907
1434 1908
1434 1909
1434 1910
1434 1812
1434 1813
1434 1911
1435 1912
1435 1913
1435 1914
1435 1915
1436 1916
1436 1917
1437 1918
1437 1906
1438 1693
1438 1919
1439 1920
1439 1921
1439 1922
1439 1923
1439 1924
1440 1897
1440 1898
1440 1925
1440 1926
1440 1927
1442 1928
1443 1929
1443 1930
1444 1897
1444 1898
1444 1931
1444 1932
1445 1897
1445 1898
1445 1932
1446 1933
1446 1934
1446 1935
1447 1936
1447 1937
1447 1938
1448 1939
1449 1693
1449 1940
1450 1941
1453 1942
1453 1943
1454 1944
1455 1945
1455 1941
1456 1689
1456 1941
1457 1946
1457 1947
1457 1689
1457 1948
1458 1941
1463 1949
1463 1950
1464 1791
1464 1951
1465 1952
1465 1906
1466 1953
1466 1954
1466 1955
1466 1906
1467 1956
1467 1957
1468 1956
1468 1958
1468 1959
1468 1957
1469 1960
1470 1961
1470 1939
1471 1962
1471 1963
1471 1964
1472 1965
1472 1966
1474 1967
1474 1968
1474 1969
1475 1970
1475 1971
1475 1972
1477 1973
1477 1974
1477 1975
1477 1976
1477 1977
1477 1978
1477 1979
1477 1980
1478 1981
1479 1968
1479 1982
1480 1983
1480 1984
1480 1985
1480 1986
1480 1987
1481 1988
1481 1989
1482 1990
1482 1891
1482 1991
1483 1992
1483 1993
1484 1897
1484 1898
1484 1994
1484 1995
1487 1996
1487 1997
1488 1998
1490 1889
1490 1999
1491 2000
1491 2001
1491 2002
1491 2003
1491 2004
1491 2005
1492 2006
1493 2007
1495 2008
1497 2009
1497 2010
1497 2011
1497 1780
1497 2012
1498 2013
1498 2014
1499 2008
1501 2015
1501 2016
1501 2017
1501 2018
1501 2019
1501 2020
1506 2021
1506 2022
1506 2023
1506 2024
1507 2025
1507 2026
1507 2027
1508 2025
1508 2026
1508 2027
1509 2028
1510 2029
1511 2030
1512 2031
1512 2032
1512 2033
1512 1751
1512 2034
1512 2035
1512 2036
1513 2037
1513 2038
1513 2039
1514 1974
1514 2040
1515 2041
1515 2042
1516 2007
1517 1974
1517 2043
1517 1980
1518 1968
1518 2044
1519 1897
1519 1898
1519 2045
1519 2046
1519 2047
1520 2048
1520 2049
1520 2050
1520 2051
1520 2052
1520 2053
1520 1980
1521 2045
1521 2054
1521 2055
1521 2056
1522 2056
1523 2057
1524 2058
1531 1897
1531 1898
1531 2059
1531 2060
1531 2061
1531 2062
1531 2063
1531 2064
1531 2065
1532 1897
1532 1898
1532 1899
1534 1974
1534 2066
1536 2067
1536 2068
1538 2025
1538 2041
1539 2069
1539 2045
1540 2070
1540 2071
1540 2072
1541 2073
1542 2074
1542 2075
1542 2076
1542 2077
1542 2078
1542 2079
1542 2080
1543 2081
1544 2082
1545 2083
1545 2038
1545 2084
1546 2085
1546 2086
1546 2087
1546 2088
1546 2089
1546 2090
1547 2091
1548 2092
1548 2093
1548 2094
1549 2025
1549 2095
1549 2096
1550 1968
1550 2097
1550 2098
1550 2099
1551 2100
1551 2101
1552 2102
1552 2103
1552 2101
1553 2104
1555 1897
1555 1974
1555 1898
1555 2105
1556 2025
1556 2106
1557 2107
1557 2108
1557 2109
1557 2110
1557 2111
1558 2112
1558 2015
1558 2112
1558 2113
1558 2114
1559 2115
1560 2116
1561 1962
1561 1963
1561 2117
1562 2118
1563 2119
1564 2025
1564 2120
1564 2106
1565 2025
1565 2106
1566 2106
1567 1974
1567 2121
1568 2122
1569 1974
1569 2123
1570 2025
1570 2124
1571 2125
1571 2126
1571 2127
1572 1974
1572 2128
1573 2129
1573 2130
1574 2131
1575 2132
1576 2133
1578 2134
1578 2135
1578 2136
1579 2000
1579 2000
1579 2137
1579 2138
1581 2139
1581 2140
1581 2141
1582 2142
1583 2143
1583 2025
1583 1974
1583 2144
1584 2145
1584 2146
1584 2147
1584 2148
1584 2149
1584 2150
1584 2151
1584 2152
1584 2153
1584 2154
1584 2155
1585 2156
1586 1897
1586 2025
1586 2157
1586 1898
1586 2158
1586 2159
1586 2160
1587 2128
1588 2048
1588 2128
1589 2161
1590 1942
1590 2162
1590 2163
1590 2164
1590 2165
1591 2166
1591 2167
1592 1918
1592 1816
1592 2168
1593 2169
1593 2170
1593 2171
1593 2172
1593 2173
1594 2174
1594 2175
1594 2176
1594 2177
1594 2178
1594 2179
1595 2180
1596 2181
1596 2182
1596 2183
1596 2184
1596 2185
1596 2186
1597 2187
1597 2188
1597 2189
1597 2190
1598 2191
1598 2192
1598 2193
1599 2194
1600 2195
1601 2048
1601 2196
1602 2197
1603 2048
1603 2198
1603 2199
1604 2199
1605 1897
1605 1898
1605 2200
1605 2201
1607 2202
1607 2203
1607 2204
1607 2205
1607 2206
1608 2207
1608 2208
1608 2209
1610 2210
1610 2211
1610 2212
1611 2213
1611 2214
1611 2215
1611 2109
1611 2216
1611 2217
1611 2218
1611 2219
1611 2220
1612 2221
1612 2222
1612 2223
1612 2224
1612 2225
1612 2226
1612 2227
1613 2228
1613 2229
1615 2230
1615 2231
1615 2232
1615 2233
1616 2234
1617 2235
1617 2236
1618 2237
1618 2238
1619 2239
1619 2240
1620 2240
1621 2240
1622 2241
1623 2242
1623 2243
1624 2244
1624 2245
1625 2245
1626 2246
1627 2247
1628 2248
1628 2247
1629 2249
1629 2250
1630 2251
1631 2252
1632 2253
1632 2253
1632 2254
1633 2255
1633 2256
1633 2257
1633 2258
1633 2259
1634 2260
1634 2261
1635 2262
1635 2263
1635 2264
1635 2265
1636 2266
1637 2048
1637 2194
1638 2267
1638 2268
1639 2269
1639 2270
1639 2271
1639 2272
1640 2273
1640 2210
1640 2241
1641 2274
1641 2275
1642 2276
1642 2277
1642 2278
1643 2279
1644 2280
1644 2281
1647 2282
1647 2283
1647 2284
1648 2285
1648 2212
1649 2286
1649 2287
1650 2288
1650 2289
1650 2290
1651 2291
1652 2292
1652 2253
1652 2253
1652 2293
1653 2294
1653 2236
1654 2295
1654 2296
1654 2297
1654 2298
1657 2299
1657 2300
1657 2301
1658 2302
1659 2166
1659 2303
1660 2304
1661 2305
1661 2306
1661 2307
1661 2308
1661 2309
1662 2102
1662 1897
1662 2310
1663 2311
1663 2312
1664 2313
1664 2314
1664 1968
1664 2315
1664 2316
1664 2317
1664 2318
1664 2319
1664 2320
1664 2321
1665 2322
1665 2323
1666 2324
1666 1897
1666 1974
1666 2325
1666 2326
1666 2327
1666 2328
1667 2048
1667 2329
1668 2330
1668 2331
1669 2048
1669 2332
1671 2221
1671 2187
1671 2333
1672 2334
1672 2031
1672 2335
1672 2336
1672 2337
1672 2338
1673 2339
1673 2340
1677 2341
1679 1973
1679 2342
1680 2048
1680 2343
1680 2344
1681 2345
1681 2346
1681 2347
1682 2348
1683 2348
1684 2349
1686 2350
1686 2351
1687 2352
1689 2353
1689 2354
1689 2355
1689 2347
1690 2356
1690 2340
1691 2357
1691 2358
1692 2359
1693 2360
1693 2361
1693 2362
1694 2363
1695 2364
1695 2365
1695 2366
1698 2000
1698 1897
1698 2367
1698 2368
1698 2369
1699 2000
1699 2370
1700 2371
1701 2372
1702 2048
1702 1897
1702 2373
1702 2369
1703 2374
1703 2310
1704 2351
1705 2048
1705 2375
1706 2376
1706 2342
1707 2377
1708 2357
1708 2378
1709 2000
1709 2000
1709 2379
1709 2370
1710 2380
1710 2381
1710 2382
1710 2187
1710 2383
1710 2384
1710 2385
1710 2386
1712 2071
1713 2360
1713 2387
1713 2388
1713 2362
1714 2389
1715 2390
1715 2391
1715 1887
1715 2392
1716 2393
1716 2394
1717 2395
1717 2396
1717 2397
1718 2398
1718 2399
1719 2400
1720 2401
1720 2000
1720 2402
1721 2403
1722 2404
1723 2405
1724 2406
1724 2407
1724 2408
1724 2409
1724 2410
1725 2411
1726 2412
1727 2413
1728 1689
1728 2414
1730 2415
1730 2416
1730 2417
1731 2418
1732 2419
1733 2420
1733 2421
1733 2422
1733 2423
1734 2424
1734 2425
1734 2426
1734 2427
1734 2428
1734 2429
1734 2430
1735 2431
1736 2432
1737 2433
1738 2434
1738 2435
1738 2436
1738 2437
1738 2438
1738 2439
1738 2440
1738 2441
1738 2442
1739 2443
1739 2444
1740 2443
1740 2445
1741 2446
1741 2447
1742 2448
1743 2449
1743 2443
1743 2450
1744 2000
1744 1974
1744 1898
1744 2451
1745 2452
1745 2453
1745 2454
1745 2455
1745 2456
1745 2457
1746 2458
1746 2459
1746 2460
1747 2461
1747 2462
1747 2463
1747 2464
1747 2465
1748 2466
1749 2467
1749 2468
1750 2469
1750 2470
1750 2471
1750 2472
1750 2473
1751 2474
1751 2475
1751 2476
1751 2477
1751 2478
1751 2479
1751 2480
1752 2481
1752 2482
1752 2483
1752 1689
1752 2484
1754 2485
1754 2393
1754 2486
1754 2487
1754 2488
1754 2489
1755 2490
1756 1898
1756 2491
1756 2492
1757 1974
1757 2493
1758 2494
1759 2495
1760 2496
1760 2497
1761 2000
1761 2498
1762 2499
1762 2500
1763 2501
1764 2502
1764 2414
1765 2496
1765 2503
1765 2504
1765 2253
1765 2253
1765 2505
1766 2506
1767 2507
1767 2508
1767 2509
1768 1992
1768 2510
1769 2511
1769 2466
1770 2512
1770 2513
1771 2458
1771 2514
1772 2515
1772 2516
1772 2517
1772 2518
1772 2519
1772 2520
1773 2353
1773 2000
1773 2521
1774 2522
1774 2523
1774 2253
1774 2253
1774 2524
1775 2451
1776 2525
1777 2526
1778 2527
1778 2528
1778 2529
1778 2530
1779 2280
1779 2000
1779 2531
1779 2532
1780 2533
1780 2534
1781 2535
1783 2536
1783 2537
1783 2443
1783 2538
1784 2539
1785 2540
1785 2541
1786 2542
1787 2543
1792 2544
1795 2545
1797 2546
1798 2547
1798 2355
1798 2548
1799 1992
1799 2549
1799 2550
1799 2551
1802 2552
1802 1974
1802 1974
1802 2553
1804 2554
1805 2555
1806 2556
1806 2557
1806 2558
1807 2559
1808 2560
1809 2561
1809 2562
1809 2563
1809 2564
1811 2565
1812 2566
1813 2567
1814 2568
1815 2568
1817 2569
1818 2570
1818 2571
1819 2572
1820 2573
1820 2574
1820 2253
1820 2253
1820 2575
1831 2576
1831 2577
1831 2578
1832 2399
1832 2579
1833 2580
1833 2581
1833 2582
1833 2583
1834 2584
1834 2585
1835 2586
1836 2587
1836 2588
1836 2589
1837 2590
1837 2591
1837 2592
1837 2593
1838 2512
1838 2594
1839 2595
1841 2596
1841 1898
1841 2597
1842 2512
1842 2598
1843 2586
1844 2586
1845 2599
1845 2600
1846 2579
1847 2601
1848 2602
1848 2145
1848 2603
1848 2604
1849 2605
1849 2606
1850 2607
1852 2608
1853 2609
1854 2381
1854 2187
1854 2610
1854 2611
1854 2612
1854 2613
1854 2614
1855 2615
1856 2616
1857 2617
1858 2618
1859 2619
1860 2620
1861 2621
1861 2622
1861 2623
1862 2512
1862 2624
1863 2625
1863 2626
1864 2627
1865 2625
1865 2626
1866 2628
1866 2629
1867 2630
1868 2631
1869 2632
1869 2633
1869 2634
1869 2635
1869 2636
1869 2637
1869 2638
1870 1937
1871 2639
1872 2640
1875 2641
1876 2642
1876 2643
1876 2644
1877 2645
1878 2646
1879 2647
1880 2648
1881 2649
1883 2650
1884 2651
1884 2552
1884 2652
1884 2653
1884 2598
1887 2654
1887 2655
1887 2656
1887 2657
1887 2658
1888 2659
1888 2660
1888 2661
1888 2662
1889 2577
1889 2663
1890 2664
1891 2665
1892 2666
1893 2666
1894 2667
1895 2666
1896 2668
1896 2669
1896 2000
1896 2416
1896 2670
1897 2671
1898 2672
1899 2673
1900 2673
1902 2674
1902 2675
1902 2676
1902 2677
1902 2678
1902 2679
1903 2680
1904 2578
1904 2681
1904 2682
1904 2683
1904 2684
1904 2685
1904 2686
1904 2687
1904 2688
1905 2689
1906 2690
1906 1992
1906 2691
1906 2692
1907 2693
1907 2694
1907 2695
1908 2357
1908 2696
1909 2697
1909 2698
1910 2699
1912 2512
1912 2700
1914 2701
1916 2702
1917 2702
1918 2703
1919 2704
1919 1992
1919 2705
1919 2706
1920 2512
1920 2707
1921 2708
1922 2709
1923 2512
1923 2710
1924 2711
1925 2712
1926 2713
1927 2714
1928 2715
1929 2716
1930 2717
1931 2718
1932 2719
1933 2512
1933 2710
1934 2720
1935 2720
1936 2350
1936 2721
1937 2713
1939 2469
1939 2722
1939 2723
1940 2724
1940 2725
1940 2726
1941 2727
1942 2728
1943 2729
1944 2730
1945 2731
1946 2658
1947 2732
1948 2733
1949 2734
1949 2735
1949 2736
1949 2737
1950 2738
1951 1992
1951 2443
1951 2739
1952 2443
1952 2740
1953 2741
1954 2512
1954 2742
1955 2743
1956 2744
1958 2745
1959 2702
1961 2746
1962 2747
1963 2748
1964 2749
1965 2750
1965 2751
1966 2752
1967 2753
1968 2754
1969 2755
1970 2756
1971 2757
1972 2758
1973 2759
1973 2760
1974 2761
1975 2762
1976 2763
1977 2764
1977 2765
1978 2766
1978 2767
1978 2768
1979 2769
1980 2770
1981 2771
1982 2772
1983 2773
1984 2774
1985 2774
1987 2765
1988 2775
1989 2776
1990 2777
1991 2778
1992 2779
1993 2780
1994 2781
1995 2781
1996 2782
1996 2783
1996 2784
1997 2785
1997 2786
1997 2787
1997 2788
1998 2775
1999 2789
2000 2790
