22 尖沙咀皇悅酒店 1 114.1751435 22.3009875 
21 西九龍高鐵站 2 114.1649207 22.304227 
21 帝逸酒店 3 114.2082408 22.3835259 
20 天宇海1A座26樓 4 114.222983 22.415197 
10 武漢 5 0 0 
19 深圳 6 114.057865 22.543096 
19 羅湖管制站 7 114.1135509 22.5295292 
19 恆安邨 8 114.230544 22.417943 
24 倚嶺南庭 9 113.9837095 22.412407 
23 倚嶺南庭 10 113.9837095 22.412407 
19 西九龍高鐵站 11 114.1649207 22.304227 
23 銀湖天峰第一座 12 114.2438063 22.4287385 
22 西九龍高鐵站 13 114.1649207 22.304227 
25 宇宙閣 14 114.1973237 22.2892024 
19 武漢 15 0 0 
23 咸寧 16 0 0 
23 西九龍高鐵站 17 114.1649207 22.304227 
25 深圳 18 114.057865 22.543096 
25 羅湖管制站 19 114.1135509 22.5295292 
9 武漢 20 0 0 
25 麥理浩夫人度假村(檢疫中心） 21 114.3213351 22.4081487 
28 香港W酒店 22 114.160669 22.3049382 
28 香港麗思卡爾頓酒店 23 114.1602184 22.3034608 
28 香港四季酒店 24 114.1569068 22.2864877 
30 御金‧國峰第二座 25 114.166145 22.309285 
28 瑪麗醫院 26 114.1312557 22.2701076 
24 長康邨康美樓 27 114.099329 22.350358 
24 長康邨康順樓對出巴士站路口 28 114.105611 22.350027 
14 港珠澳大橋香港口岸 29 113.9566204 22.3172613 
14 澳門 30 113.543873 22.198745 
7 廣東順德 31 113.293359 22.80524 
31 黃埔花園第十一期1座 32 114.191194 22.306041 
21 武漢 33 0 0 
30 葵涌邨綠葵樓 34 114.1283239 22.3681253 
25 啟德郵輪碼頭 35 114.214126 22.30532 
17 日本東京及橫演 36 0 0 
10 羅湖管制站 37 114.1135509 22.5295292 
32 鯉魚門公園度假村(檢疫中心） 38 114.234652 22.278406 
32 常盛街80號半山壹號十五號 39 114.186131 22.3194779 
29 恆豐中心店舖號碼LG8「FreshUp」 40 114.1719376 22.3043193 
26 聖十字架堂 41 114.2211954 22.2810128 
24 恆豐中心店舖號碼LG8「FreshUp」 42 114.1719376 22.3043193 
31 康田苑裕康閣 43 114.2343596 22.3077855 
34 馬頭圍道183號 44 114.1877565 22.3194394 
32 九龍貿易中心第一座19樓 45 114.132637 22.361543 
35 康田苑裕康閣 46 114.2343596 22.3077855 
35 新港中心第二座 47 114.1693667 22.2974957 
35 灝景灣第一座 48 114.1062525 22.3620053 
28 日本東京 49 0 0 
21 深圳 50 114.057865 22.543096 
28 灝景灣第一座 51 114.1062525 22.3620053 
36 筲箕灣道142-146號高望大樓 52 114.2223087 22.2812503 
26 麗濤護老院 53 114.220952 22.281793 
36 碩門邨第二期瑞碩樓 54 114.2094954 22.385895 
36 希爾頓中心 55 114.1868134 22.3793495 
37 坑頭雍翠苑 56 114.1035321 22.4942627 
37 華明商場 57 114.1410948 22.4839515 
36 澳門 58 113.543873 22.198745 
36 港珠澳大橋香港口岸 59 113.9566204 22.3172613 
35 珠海 60 113.576677 22.270978 
37 御龍山第10座 61 114.199259 22.395816 
33 澳門 62 113.543873 22.198745 
22 河北省 63 0 0 
26 廣州 64 0 0 
22 深圳寶安國際機場 65 113.814606 22.636828 
40 華懋交易廣場2期大廈6樓及25樓 66 114.1974862 22.2903319 
39 駱克道356-362號鴻福大廈 67 114.1791645 22.2790733 
26 永興工業大廈LentoPartyRoom 68 114.2244681 22.3091309 
39 彩峰苑 69 114.213037 22.3351101 
41 群策大廈 70 114.1781068 22.27928 
39 禮頓道42-56號禮智大廈 71 114.1841107 22.277444 
37 水務署堅尼地城海水抽水站 72 114.1550517 22.3214206 
37 水務署灣仔海水抽水站 73 114.173065 22.2797174 
37 水務署上環海水抽水站 74 114.1550517 22.3214206 
39 灣仔道110號中滙大樓 75 114.175517 22.276866 
40 灣仔道110號中滙大樓 76 114.175517 22.276866 
38 北京樓中環歷山大廈分店 77 114.158777 22.281502 
41 禾輋邨泰和樓 78 114.195257 22.3890276 
40 北京樓旺角新世紀廣場分店 79 114.171981 22.323 
40 西灣河街110號長興大樓 80 114.2219372 22.2814397 
41 西灣河街110號長興大樓 81 114.2219372 22.2814397 
41 禮頓道42-56號禮智大廈 82 114.1841107 22.277444 
39 陶源酒家灣仔菲林明道分店 83 114.1746684 22.2773331 
41 長康邨康美樓 84 114.099329 22.350358 
19 澳門 85 113.543873 22.198745 
41 藍灣半島第三座 86 114.2508717 22.2662459 
36 道循道衛理聯合教會禧恩堂 87 114.25163 22.263857 
41 利東邨東平樓 88 114.1576372 22.2419349 
41 寶林邨寶仁樓 89 114.252372 22.326302 
41 田灣邨田澤樓 90 114.1509489 22.252404 
26 明星海鮮酒家 91 114.1711194 22.3088333 
41 良田村 92 113.9780933 22.3992178 
30 紫田村 93 113.975532 22.417048 
41 長安邨安濤樓 94 114.102226 22.361354 
43 紫田村 95 113.975532 22.417048 
43 彌敦商業大廈 96 114.171599 22.309631 
43 康柏徑10號康景花園D座 97 114.213082 22.281994 
40 柯布連道28-32號香海大廈 98 114.1728945 22.2787964 
43 柯布連道28-32號香海大廈 99 114.1728945 22.2787964 
43 中西區及離島區社會保障辦事處 100 114.1416827 22.2877632 
45 太古坊柏克大廈 101 114.2133236 22.2876231 
44 大浪灣村 102 114.2501946 22.2453604 
43 石籬(二）邨石怡樓 103 114.140194 22.364958 
43 梨木樹消防局 104 114.136661 22.374834 
22 落馬洲口岸 105 114.074116 22.509485 
44 永樂街233號 106 114.1482699 22.2877086 
46 太古城道22號太古城明宫閣 107 114.2159697 22.2864569 
40 基督門徒福音會西灣河分會 108 114.2242476 22.2798001 
37 英皇道633號 109 114.2066352 22.2922452 
37 醫院管理局大樓 110 114.1832262 22.3243594 
29 海景花園1座 111 113.9837792 22.3785943 
47 怡明邨怡情樓 112 114.2632198 22.3070336 
47 慈愛苑愛華閣 113 114.1990884 22.35187 
42 英皇道633號 114 114.2066352 22.2922452 
38 醫院管理局大樓 115 114.1832262 22.3243594 
30 越南峴港 116 0 0 
47 太古城道22號太古城明宫閣 117 114.2159697 22.2864569 
38 九龍灣宏遠街1號一號九龍39樓 118 114.2101647 22.3206312 
45 康柏徑10號康景花園D座 119 114.213082 22.281994 
40 香港大會堂 120 114.1616361 22.2822389 
48 康寧道25-41號金僑華廈 121 114.223551 22.314975 
48 創紀之城三期 122 114.2196849 22.3146376 
33 中山 123 113.39277 22.517585 
46 海景花園1座 124 113.9837792 22.3785943 
45 三聖街5號海天花園酒家 125 113.9788773 22.3801694 
33 青霞里6號康和護老中心 126 113.9810727 22.3793564 
50 LongChamp中環ifc分店 127 114.1588412 22.2851589 
49 小西灣邨瑞滿樓 128 114.2491498 22.2622816 
49 三聖街5號海天花園酒家 129 113.9788773 22.3801694 
49 海景花園1座 130 113.9837792 22.3785943 
25 東莞樟木頭 131 114.083278 22.914909 
41 秀茂坪曉麗苑曉暉閣 132 114.2288798 22.3205066 
41 油塘大本營一粥麵 133 114.2384328 22.2964916 
50 新田石湖圍 134 114.071021 22.4939767 
25 的士JW9897 135 0 0 
51 油美苑潤美閣 136 114.2388176 22.2983644 
49 德輔道西271-285號西環明星海鮮燒鵝專門店 137 114.1406908 22.2881262 
47 北角警署 138 114.2090563 22.2920141 
53 天后廟道26-32號飛龍臺 139 114.1935618 22.2836054 
44 書局街1-25號美輪大廈福慧精舍 140 114.2003639 22.290637 
53 駿洋邨 141 114.189835 22.399138 
51 興田邨彩田樓 142 114.2395606 22.313239 
51 廣田商場 143 114.2396449 22.3028979 
44 啟田商場 144 114.2351489 22.3082273 
39 書局街1-25號美輪大廈福慧精舍 145 114.2003639 22.290637 
39 興華(二）邨展興樓 146 114.2330361 22.2622542 
44 書局街1-25號美輪大廈 147 114.2002212 22.2908688 
50 GrandYoho第三座 148 114.0372787 22.4413222 
39 紅山半島第一期 149 114.2289396 22.2324898 
37 書局街1-25號美輪大廈福慧精舍 150 114.2003639 22.290637 
32 書局街1-25號美輪大廈福慧精舍 151 114.2003639 22.290637 
50 麗宮大廈 152 114.1961858 22.290537 
50 春秧街街市 153 114.1976772 22.2912272 
55 興田邨彩田樓 154 114.2395606 22.313239 
53 匯景廣場 155 114.2336121 22.3070624 
51 港鐵旺角東站 156 114.1725674 22.3221677 
55 百福花園康福閣 157 114.2044292 22.289215 
53 KFC明苑中心分店 158 114.1987328 22.2905001 
55 一號廣場 159 114.154679 22.28257 
55 大坑道113號瑞士花園四座 160 114.192633 22.2733766 
54 索罟灣第一街23-27號天虹海鮮酒家 161 114.1309859 22.2044548 
54 香港遊艇會 162 114.1822245 22.2844774 
53 香港JW萬豪酒店 163 114.166341 22.277509 
53 柏蔚山1座 164 114.2036932 22.290069 
53 大坑道8號竹麗苑 165 114.192259 22.2774028 
53 昌明街6號跑馬地獸醫診所及醫院 166 114.186824 22.268487 
50 文武廟 167 114.1501902 22.28395 
50 恆威商業大廈 168 114.1735447 22.274247 
50 億利商業大廈 169 114.1501129 22.2875054 
49 柏寧酒店一樓商場MOMOSalon 170 114.1864262 22.2811814 
48 世貿中心 171 114.1841731 22.2819499 
47 莊士敦道35-45號福臨門 172 114.1709297 22.2768606 
45 香港賽馬會跑馬地會所美食廣場及Levade商店 173 114.186475 22.265586 
44 馬寶道華寶商業大廈 174 114.2011948 22.2921046 
42 香港賽馬會跑馬地會所會所健身中心 175 114.186475 22.265586 
53 英皇道560號健威花園B座 176 114.2039648 22.2916421 
53 書局街1-25號美輪大廈福慧精舍 177 114.2003639 22.290637 
53 春秧街街市 178 114.1976772 22.2912272 
56 駿洋邨 179 114.189835 22.399138 
56 書局街1-25號美輪大廈 180 114.2002212 22.2908688 
56 大坑道113號瑞士花園四座 181 114.192633 22.2733766 
55 紅山半島第一期 182 114.2289396 22.2324898 
57 寶盈花園第4座 183 114.2623159 22.3063701 
57 錦屏街40-78號鴻福大樓 184 114.1996225 22.289995 
43 書局街1-25號美輪大廈福慧精舍 185 114.2003639 22.290637 
58 駿洋邨 186 114.189835 22.399138 
60 翠雅山房 187 114.1418944 22.3379806 
58 寶盈花園第4座 188 114.2623159 22.3063701 
58 都會駅「Fusion」 189 114.2519041 22.30495 
60 駿洋邨 190 114.189835 22.399138 
60 康瑞苑 191 114.240812 22.301397 
60 元州邨元樂樓 192 114.1556865 22.3365962 
62 翠雅山房 193 114.1418944 22.3379806 
57 大坑道8號竹麗苑 194 114.192259 22.2774028 
54 合和中心56樓 195 114.1716278 22.2746444 
54 香港賽馬會跑馬地會所 196 114.186475 22.265586 
54 書局街1-25號美輪大廈福慧精舍 197 114.2003639 22.290637 
17 四川峨嵋山 198 0 0 
4 廈門 199 0 0 
56 紅山半島第一期 200 114.2289396 22.2324898 
64 香港賽馬會跑馬地會所 201 114.186475 22.265586 
64 樂陶苑維勝閣 202 114.1866186 22.2713816 
64 鄧肇堅醫院 203 114.1777194 22.2755944 
62 東方大廈海皇粥店 204 114.1741438 22.2767901 
62 威靈頓廣場 205 114.1560348 22.2807962 
62 中銀中心 206 114.1589296 22.3177205 
62 統一中心 207 114.1654177 22.2784312 
61 根德道5號「MyGarden」 208 114.175995 22.337698 
61 香港喜來登酒店 209 114.1726015 22.2952629 
58 德輔道中10號東亞銀行 210 114.158323 22.280999 
57 士美菲路街市 211 114.1286074 22.2816862 
57 皇后大道中29號匯豐銀行 212 114.15684 22.281646 
56 記利佐治街25-29號惠康 213 114.1862405 22.2810323 
31 印度孟買 214 0 0 
55 港鐵香港站 215 114.158056 22.284377 
78 中國銀行大廈 216 114.1601917 22.2802075 
65 寶城大廈A座 217 114.1412646 22.2800672 
63 英國倫敦 218 0 0 
61 法國巴黎 219 0 0 
56 英國倫敦 220 0 0 
56 寶城大廈A座 221 114.1412646 22.2800672 
33 美國及墨西哥 222 0 0 
64 新東海商業中心 223 114.1791929 22.3013522 
65 美景徑美景臺 224 114.12495 22.2696489 
64 南海傍路1116號匯豐銀行 225 114.028447 22.2061763 
64 大新後街111D號泰安物業代理 226 114.0294869 22.2062098 
64 新興街101-103號麥當勞 227 114.0289577 22.2087592 
65 樂陶苑維勝閣 228 114.1866186 22.2713816 
63 威靈頓廣場 229 114.1560348 22.2807962 
67 駿洋邨 230 114.189835 22.399138 
65 武漢 231 0 0 
66 大坑道113號瑞士花園一座 232 114.1921221 22.2732392 
65 香港醫學博物館 233 114.1486087 22.2834468 
65 鵝頸街市 234 114.1804547 22.2780921 
35 印度 235 0 0 
65 碧瑤灣31座 236 114.1320214 22.2624201 
57 百福花園康福閣 237 114.2044292 22.289215 
67 藍塘道安慧苑 238 114.1886519 22.2645776 
65 利園一期 239 114.184819 22.278455 
53 英國 240 0 0 
50 日本東京 241 0 0 
67 十八鄉路83號原築1座 242 114.0249675 22.4372604 
66 德輔道西341號 243 114.1383721 22.2874907 
69 碧瑤灣28座 244 114.1316963 22.2626892 
57 雲咸街1號南華大厦 245 114.1562755 22.2812162 
65 香港仔市政大廈 246 114.1544832 22.2493168 
70 富亨邨亨泰樓 247 114.1704562 22.457911 
69 富亨商場 248 114.171271 22.4580885 
58 埃及 249 0 0 
59 郵輪MSGrandPrincess 250 0 0 
70 兆禧苑安禧閣 251 113.9677258 22.3731858 
69 啟豐商場 252 113.96431 22.372914 
68 美樂花園商塲 253 113.961526 22.373368 
70 廣林苑茂林閣 254 114.215748 22.380535 
68 國泰航空CX320(經濟艙) 255 113.9184808 22.308047 
63 西班牙馬德里 256 0 0 
52 荷蘭阿姆斯特丹 257 0 0 
71 深井碧堤半島7座 258 114.0608834 22.366914 
70 長洲市政大廈 259 114.028452 22.2068114 
70 建新里1-2號新菜園餐廳 260 114.0279921 22.2059805 
69 陳記商業中心 261 114.0599039 22.3678958 
69 深井村61號鴻記點心餐廳 262 114.0587672 22.3674845 
67 碧堤坊 263 114.0614014 22.367382 
71 富亨邨亨泰樓 264 114.1704562 22.457911 
67 大埔超級城 265 114.1689861 22.4525939 
70 九龍灣德福花園T座 266 114.2125663 22.3243965 
70 嘉湖新北江商場 267 114.0004029 22.4522537 
69 觀塘廣場 268 114.2260006 22.3111987 
69 成運工業大廈 269 114.2265155 22.3103241 
69 大本型 270 114.23866 22.2964354 
69 好望角大廈 271 114.1700381 22.3173731 
69 永隆銀行中心 272 114.1698039 22.318311 
68 寶福紀念館 273 114.1703633 22.3740432 
68 旺角新城 274 114.1702936 22.316221 
68 新填地街182號 275 114.1693647 22.3114408 
68 新光商業大廈 276 114.1708611 22.3106389 
70 麗港城26座 277 114.229276 22.306923 
69 麗港城商場 278 114.2281319 22.3069361 
70 怡明邨怡情樓 279 114.2632198 22.3070336 
70 葵涌青山公路iPlace 280 114.1349241 22.3601536 
62 先達廣場 281 114.1706419 22.3198502 
61 葵芳新都會廣場 282 114.1271323 22.3572368 
72 西寧街35號西寧閣 283 114.1207012 22.2812875 
62 菲律賓馬尼拉 284 0 0 
53 美國波士頓 285 0 0 
68 醫院道8號Mier 286 114.1466874 22.2839564 
71 葵涌青山公路iPlace 287 114.1349241 22.3601536 
73 林村梧桐寨 288 114.127878 22.436478 
69 英皇道625號 289 114.2062636 22.2923038 
68 波斯富街48號 290 114.1829961 22.2797994 
58 英國倫敦 291 0 0 
73 順景雅庭 292 114.147866 22.284948 
68 清水灣 293 114.2940282 22.2851406 
58 法國巴黎 294 0 0 
41 希臘 295 0 0 
73 赤柱大街18號 296 114.2110727 22.2186265 
58 美國科羅拉多州 297 0 0 
73 春暉道5號大坑台A座 298 114.1939817 22.2743001 
71 白建時道33號嘉雲臺2座 299 114.1921686 22.270747 
71 白建時道5號 300 114.1917274 22.270664 
58 摩洛哥 301 0 0 
44 法國 302 0 0 
73 葵涌青山公路iPlace 303 114.1349241 22.3601536 
74 永泰道50號港利中心 304 114.242912 22.267551 
60 西班牙馬德里 305 0 0 
58 杜拜 306 0 0 
74 富亨邨亨泰樓 307 114.1704562 22.457911 
71 富亨商場 308 114.171271 22.4580885 
73 清水灣道684號玫瑰小築 309 114.262588 22.32991 
23 英國倫敦 310 0 0 
73 宏福花園 311 114.1077785 22.3549709 
72 翠怡商場 312 114.10909 22.3532263 
72 格蘭中心 313 114.1735857 22.2986055 
71 旺角中心 314 114.1695935 22.319918 
70 青怡薈 315 114.105033 22.353687 
74 華明邨禮明樓 316 114.1400802 22.4853081 
57 日本北海道 317 0 0 
74 灣景國際 318 114.171111 22.280174 
71 德國 319 0 0 
67 奧地利 320 0 0 
65 德國 321 0 0 
73 白沙灣 322 0 0 
74 海逸居 323 114.2772081 22.3192304 
72 法國 324 0 0 
74 堡壘街25-27號堡壘大樓 325 114.1971379 22.2899727 
73 港鐵香港站 326 114.158056 22.284377 
73 廣基工廠大廈 327 114.1218722 22.2817414 
74 加列山道65號嘉麗園 328 114.1465922 22.2635037 
65 美國波士頓 329 0 0 
62 美國紐約 330 0 0 
46 加拿大多倫多 331 0 0 
75 華富(二）邨華昌樓 332 114.1371772 22.2513626 
74 鴨脷洲邨巴士總站(站長室及員工休息室） 333 114.15066 22.24403 
74 城巴90號線 334 114.1800421 22.3028377 
74 成都道2號平安樓 335 114.1549669 22.2478569 
73 中環(交易廣場）巴士總站(站長室及員工休息室） 336 114.157724 22.284154 
73 摩頓台巴士總站(站長室及員工休息室） 337 114.190201 22.278863 
73 城巴96號線 338 114.1812188 22.2779822 
72 利東邨巴士總站(站長室及員工休息室） 339 114.1565211 22.2407654 
72 城巴98號線 340 114.1565211 22.2407654 
63 英國及西班牙 341 0 0 
55 突尼西亞 342 0 0 
75 唯港薈 343 114.1796313 22.3008133 
59 荷蘭 344 0 0 
75 重慶大廈A座四季陽光國際酒店 345 114.1728351 22.2963059 
73 九龍清真寺 346 114.1717539 22.298764 
56 阿拉伯聯合酋長國杜拜 347 0 0 
75 海典軒第1座 348 113.9711666 22.3837082 
75 海珠路2號鳳城皇宴 349 113.970849 22.3838293 
65 埃及 350 0 0 
75 曉翠山莊10座 351 114.1824155 22.3826235 
73 永康街55號金百盛中心 352 114.1479411 22.3389346 
75 鶴齡街8號 353 114.193513 22.320699 
67 英國倫敦、德國和奧地利 354 0 0 
74 潮樓 355 114.2255595 22.3123363 
73 德國慕尼黑 356 0 0 
66 利園一期 357 114.184819 22.278455 
75 龍蟠苑龍珠閣 358 114.200203 22.3424526 
75 華明邨禮明樓 359 114.1400802 22.4853081 
74 花都廣場地下91A,93-95號舖麥當勞 360 114.1407603 22.4855193 
73 壹號茗薈 361 114.1862703 22.319238 
72 Mikiki 362 114.1971604 22.3336857 
72 曉翠山莊 363 114.1823901 22.3823768 
71 華明邨禮明樓 364 114.1400802 22.4853081 
76 港島香格里拉大酒店 365 114.1645927 22.2771159 
75 香港JW萬豪酒店 366 114.166341 22.277509 
73 合和中心 367 114.1716278 22.2746444 
59 奧地利 368 0 0 
20 瑞士 369 0 0 
76 逸瓏灣16座 370 114.2057528 22.4307815 
75 國泰航空CX837(商務艙） 371 113.9184808 22.308047 
66 加拿大溫哥華及威士拿 372 0 0 
75 觀塘TwoHarbourSquare 373 114.2212389 22.3097058 
77 油麻地彌敦道337-339號金滿樓 374 114.1711993 22.3068572 
76 彌敦道363號恒成大廈 375 114.1710062 22.3079267 
75 旺角新填地街街市及附近餐廳 376 114.1703009 22.3213907 
75 佐敦道23-29號新寶廣場中銀分行 377 114.171023 22.305384 
75 彌敦道238號匯豐分行 378 114.1718034 22.3049257 
75 新填地街78-86號金山樓 379 114.1696434 22.3082142 
44 英國倫敦 380 0 0 
44 西班牙巴塞隆拿 381 0 0 
44 法國巴黎 382 0 0 
76 紅山半島 383 114.2289396 22.2324898 
76 赤柱廣場 384 114.2096335 22.2187596 
74 英國航空BA0733(經濟艙） 385 113.9184808 22.308047 
76 屯門市廣場4座 386 113.977585 22.394485 
75 屯門市廣場 387 113.9770604 22.3934912 
75 屯門時代廣場 388 113.9758675 22.3921606 
72 兆麟苑商場 389 113.9765093 22.3845358 
67 西班牙馬德里 390 0 0 
73 九龍站機場快綫站 391 114.161475 22.304306 
72 御金•國峰7座 392 114.166145 22.309285 
76 薄扶林道86號嘉瑜園 393 114.1316963 22.2789985 
72 香港佛羅倫斯小鎮 394 114.1323005 22.360949 
70 OneIslandSouth 395 114.1691425 22.2485944 
70 香葉道41號 396 114.163003 22.2477839 
58 法國巴黎及英國倫敦 397 0 0 
75 英國倫敦 398 0 0 
70 丹麥哥本哈根 399 0 0 
65 西班牙巴塞隆拿 400 0 0 
60 法國巴黎 401 0 0 
62 丹麥哥本哈根 402 0 0 
77 彩輝邨彩華樓 403 114.218095 22.3357092 
70 國泰航空CX811(商務艙） 404 113.9354418 22.3127878 
65 國泰航空CX812(商務艙） 405 0 0 
77 尚翹峰2座 406 114.1738931 22.2746936 
72 合和中心 407 114.1716278 22.2746444 
64 奧地利 408 0 0 
77 香港維港凱悅尚萃酒店 409 114.19928 22.2926535 
76 永豐大廈 410 114.1682475 22.2767023 
75 大王東街14號 411 114.1714861 22.275951 
74 頂旺大廈 412 114.1707954 22.276259 
74 蘭桂坊 413 114.1556712 22.2808373 
74 聯合工業大廈9樓Studio9 414 114.1675397 22.248923 
74 御景臺 415 114.1520868 22.2805453 
61 德國 416 0 0 
60 西班牙 417 0 0 
35 德國 418 0 0 
77 藍灣半島第二座 419 114.2508717 22.2662459 
75 富怡花園 420 114.2498465 22.2628253 
74 帝景酒店 421 114.0780214 22.3684504 
74 西港城會所1號 422 114.1503915 22.2872871 
74 金銘大廈 423 113.977904 22.402422 
74 豫豐花園 424 113.9857705 22.4207204 
74 藍地大街1號 425 113.983523 22.419162 
74 大舞臺 426 114.1503915 22.2872871 
63 荷蘭、德國及瑞士 427 0 0 
77 富寶花園第八座 428 114.239499 22.424849 
75 沙田萬怡酒店 429 114.2064083 22.3906489 
72 英國倫敦 430 0 0 
77 香港體育學院精英運動員宿舍 431 114.1999481 22.3927265 
77 希爾頓中心 432 114.1868134 22.3793495 
76 御龍山商場 433 114.1986292 22.3951608 
75 銀禧薈 434 114.1996682 22.3963882 
50 法國及奧地利 435 0 0 
77 慈愛苑愛慧閣 436 114.199469 22.350105 
64 荷蘭、德國、瑞士、法國 437 0 0 
77 凱帆軒3座 438 114.1556168 22.3208451 
76 香港凱莉山學校 439 114.175194 22.303089 
76 柯士甸道152號 440 114.1750932 22.3030831 
69 加連威老道14號 441 114.1730297 22.2996964 
59 瑞士 442 0 0 
77 油麗邨盈麗樓 443 114.236622 22.299182 
65 泰國曼谷及清邁 444 0 0 
62 日本沖繩 445 0 0 
77 四方街26號豪景台 446 114.1492536 22.2843485 
62 西班牙、法國及德國 447 0 0 
76 銀禧大廈 448 114.148257 22.283826 
76 南島商業大廈 449 114.1493909 22.286282 
67 西班牙、法國及德國 450 0 0 
62 孟加拉 451 0 0 
72 美國 452 0 0 
71 豪廷峰2座 453 114.1950712 22.28801 
77 地利根德里3號A 454 114.1545485 22.2730072 
61 英國 455 0 0 
58 馬來西亞 456 0 0 
77 堅尼地道58-60號金櫻閣 457 114.1694111 22.2743746 
60 英國倫敦 458 0 0 
74 普通道10A-C號 459 114.2705658 22.3814786 
73 太古廣場 460 114.1648871 22.277152 
73 沙咀街13號 461 114.2721384 22.3811195 
73 星域軒 462 114.167263 22.276633 
70 加拿大國際學校 463 114.1671876 22.2423169 
71 香港加拿大國際學校 464 114.1671876 22.2423169 
71 蘭桂坊 465 114.1556712 22.2808373 
71 大網仔路 466 114.2976533 22.3918219 
71 雲咸街73號 467 114.1548588 22.2817408 
71 好利商業大廈Insomnia酒吧 468 114.1552934 22.2808597 
77 羅便臣道60號信怡閣 469 114.150534 22.280776 
74 中國銀行大廈13至15樓 470 0 0 
73 聖佛蘭士街 471 114.1692703 22.2760127 
71 又一城 472 114.1745657 22.3373517 
70 時代廣場 473 114.1821587 22.2781357 
77 碧瑤灣第47座 474 114.1339254 22.261613 
76 世紀廣場 475 114.156007 22.281532 
65 印度德里 476 0 0 
42 埃及和杜拜 477 0 0 
77 景光街5號景祥大樓 478 114.185353 22.269063 
77 藍灣半島第一座 479 114.2500484 22.2669896 
66 西班牙 480 0 0 
52 杜拜 481 0 0 
76 英國 482 0 0 
78 香港E酒店 483 114.1641021 22.3321513 
64 英國 484 0 0 
78 新港城C座 485 114.2334308 22.4236013 
77 中建電訊大廈 486 114.1975326 22.397255 
75 基隆街225號 487 114.1626407 22.3281068 
75 荔枝角道323號康瑞甜品 488 114.160154 22.3285559 
74 香港愉景灣酒店 489 114.0161256 22.306496 
74 永安廣場 490 114.1763546 22.2966713 
76 雲咸街63號BarSix 491 114.1549665 22.2814003 
76 些利街2-4號 492 114.1534769 22.2820976 
76 德己立街44號好利商業大廈 493 114.15545 22.2807847 
78 碧街2-14號恆裕閣 494 114.1675998 22.313245 
77 中環廣場 495 114.1737282 22.2799097 
67 雲咸街73號 496 114.1548588 22.2817408 
66 蘭桂坊 497 114.1556712 22.2808373 
78 屯門貝爾特酒店 498 113.9719537 22.3958166 
78 Vcity 499 113.9739331 22.3953878 
67 英國及西班牙 500 0 0 
75 雪廠街18號印刷行 501 114.157196 22.2798287 
74 渣打銀行大廈 502 114.159077 22.2803829 
59 加拿大 503 0 0 
75 干德道29號康威園A-B座 504 114.1493465 22.2801043 
77 香港浸信會醫院 505 114.1801578 22.3395004 
77 施他佛道25號行德園 506 114.1777247 22.3323136 
76 加州大廈PureFitness健身中心 507 114.1554149 22.2810013 
76 建業榮基中心PureFitness健身中心 508 114.1532706 22.2821093 
76 中央廣場 509 114.1546646 22.2806848 
76 歌賦街21號 510 114.1525895 22.2842266 
75 香港朗廷酒店 511 114.1697461 22.2963977 
75 中國工商銀行大廈PureFitness健身中心 512 114.1608939 22.2784308 
75 星街9號 513 114.1673452 22.276478 
75 新風大廈 514 114.1924954 22.2849617 
46 日本北海道 515 0 0 
78 葵芳邨葵安樓 516 114.1305118 22.3609717 
65 西班牙 517 0 0 
78 廣明苑廣寧閣 518 114.2600854 22.3126064 
32 瑞士 519 0 0 
78 金巴利道26號 520 114.1734518 22.3004639 
66 新加坡 521 0 0 
78 界限街二號體育館 522 114.17053 22.326139 
78 帝國酒店 523 114.1725361 22.2962225 
77 藍田(南)體育館 524 114.2388532 22.3038534 
62 荷蘭、英國、芬蘭及泰國 525 0 0 
78 元朗分區警署 526 114.0229838 22.4438952 
78 元朗白沙村 527 114.022282 22.424387 
78 麗景園4座 528 114.1925401 22.2396066 
67 美國 529 0 0 
78 中國銀行大廈40樓 530 114.1614931 22.2793043 
78 玖瓏山月瓏閣第3座 531 114.1993671 22.4132895 
78 日出康城首都第2座 532 114.2713711 22.2972619 
77 將軍澳中心 533 114.2572529 22.3071208 
63 加拿大 534 0 0 
78 告羅士打大廈 535 114.1577557 22.2814718 
78 香島道46號 536 114.188656 22.238153 
77 太子大廈 537 114.1592117 22.2811963 
78 曉峯閣第1座 538 114.152194 22.275737 
78 四方街20號 539 114.1495446 22.2843158 
77 德輔道西33號 540 114.1466752 22.2878205 
76 永德商業中心 541 114.1491142 22.2868558 
73 頂旺大廈 542 114.1707954 22.276259 
78 K11ARTUS 543 114.1738998 22.2944426 
79 海華苑1座 544 114.1695389 22.2758478 
62 新加坡及老撾 545 0 0 
79 囍滙3座 546 114.1720515 22.275003 
73 皇后大道東200號 547 114.1720515 22.275003 
73 皇后大道東183號 548 114.1717929 22.2746422 
73 皇后大道中15號 549 114.157903 22.280545 
73 入境事務大樓 550 114.1729018 22.2798307 
59 巴黎及瑞典 551 0 0 
79 東堤灣畔5座 552 113.9405304 22.2884302 
61 印尼 553 0 0 
71 國泰航空CX776 554 0 0 
53 英國倫敦及格拉斯哥 555 0 0 
78 堅尼地道58-60號金櫻閣 556 114.1694111 22.2743746 
59 英國倫敦、瑞士及法國 557 0 0 
78 玫瑰新邨 558 114.183863 22.265933 
48 瑞士、德國、荷蘭及新加坡 559 0 0 
78 高街1號匯賢居 560 114.1460717 22.2848593 
75 雲咸街46號雲明行 561 114.1548736 22.2802377 
75 雲咸街60號中央廣場 562 114.1546646 22.2806848 
75 蘭桂坊5號Ebeneezer'sKebabs&Pizzeria 563 114.155825 22.280795 
74 閣麟街37-43號 564 114.1539563 22.282791 
74 德己立街20A號Brickhouse 565 114.1558098 22.2810579 
73 雲咸街63號BarSix 566 114.1549665 22.2814003 
73 些利街2-4號 567 114.1534769 22.2820976 
73 砵典乍街45號TheSteps‧HCode 568 114.1545301 22.2821652 
73 德己立街44號好利商業大廈 569 114.15545 22.2807847 
78 威景臺A座 570 114.1945779 22.2854395 
65 美國 571 0 0 
78 翠豐臺5座 572 114.1049409 22.3754453 
69 印尼 573 0 0 
69 萬景峯1座 574 114.1137131 22.3690545 
78 怡閣苑怡泰閣 575 114.1582642 22.3328543 
78 凱帆軒3座 576 114.1556168 22.3208451 
79 麗景園4座 577 114.1925401 22.2396066 
63 美國 578 0 0 
78 富榮花園12座 579 114.1650917 22.3132915 
79 梅苑 580 114.153747 22.273127 
61 瑞士及英國 581 0 0 
79 赤柱村道4號GrossePointeVilla 582 114.2134387 22.2243293 
77 淺水灣道109號影灣園第3座 583 114.1958494 22.2390654 
79 太子道東638號譽·港灣7座 584 114.1971604 22.3336857 
78 中建大廈 585 114.1573655 22.2811499 
76 聖佐治大廈 586 114.1589713 22.2820531 
75 加州大廈PureFitness健身中心 587 114.1554149 22.2810013 
77 蘭桂坊 588 114.1556712 22.2808373 
77 建業榮基中心PureFitness健身中心 589 114.1532706 22.2821093 
77 海逸豪園悅濤灣3座 590 114.192679 22.308971 
77 好利商業大廈Insomnia酒吧 591 114.1552934 22.2808597 
76 鶴齡街8號 592 114.193513 22.320699 
79 科匯中心 593 114.2074715 22.2919464 
77 嘉新大廈 594 114.1161124 22.3727477 
77 葵德工業中心1座 595 114.1230487 22.3532942 
69 大本型客家好棧 596 114.2383293 22.2966672 
76 綠楊新邨C座 597 114.120502 22.3740403 
79 香港瑞吉酒店 598 114.1748977 22.2798647 
73 英國 599 0 0 
79 天瑞邨瑞林樓 600 113.999145 22.454201 
79 天瑞購物中心 601 113.9984839 22.4561072 
68 卡塔爾多哈及土耳其伊斯坦堡 602 0 0 
78 逸峯1座 603 114.1458862 22.5010014 
79 長康邨康平樓 604 114.1040584 22.3503316 
79 偉業街108號絲寶國際大廈 605 114.2170705 22.3134849 
74 港晶中心 606 114.1785049 22.3008894 
76 新加坡 607 0 0 
62 英國 608 0 0 
77 淺水灣南灣道21號 609 114.2002495 22.2339032 
60 加拿大 610 0 0 
76 大潭紅山半島 611 114.2289396 22.2324898 
77 晞品 612 114.187211 22.266547 
61 法國及英國 613 0 0 
78 灣仔英皇駿景酒店 614 114.1782551 22.2747832 
79 東霖苑 615 114.2207306 22.2803686 
77 西灣河街市 616 114.2228925 22.2822642 
77 職業訓練局大樓 617 114.1775008 22.2765435 
79 杏翠苑翠瑩閣 618 114.2413484 22.2671307 
50 加拿大、秘魯、亞馬遜河及玻利維亞 619 0 0 
73 牛奶公司清水灣道購物中心 620 114.2473362 22.339712 
69 禾塘崗31號 621 114.273945 22.31512 
78 海栢花園1座 622 114.2321305 22.4258125 
72 菲律賓馬尼拉 623 0 0 
48 美國、瑞士及葡萄牙 624 0 0 
76 澳洲 625 0 0 
78 譚公道118號 626 114.189079 22.323511 
50 加拿大、秘魯及玻利維亞 627 0 0 
73 又一村花園2期 628 114.175704 22.333084 
79 蝴蝶邨蝶心樓 629 113.9630792 22.3743493 
79 屯門栢麗廣場 630 113.9772455 22.390968 
70 英國倫敦 631 0 0 
77 美樂花園商塲 632 113.961526 22.373368 
79 律打街20號普慶大廈 633 114.1469312 22.2842778 
63 英國及法國 634 0 0 
25 菲律賓宿霧 635 0 0 
76 跑馬地比華利山C座 636 114.1858523 22.2736603 
79 雲地利道8號TagusResidence 637 114.1845189 22.2734553 
59 英國、法國和瑞士 638 0 0 
76 威信大廈 639 114.164358 22.331991 
74 建業榮基中心PureFitness健身中心 640 114.1532706 22.2821093 
74 荷李活道263號彩鴻酒店 641 114.1479082 22.2856049 
79 太古城金楓閣 642 114.2159664 22.2876331 
79 英皇道867-881號麗華樓 643 114.2096306 22.2900943 
76 友邦廣場 644 114.207922 22.291188 
76 健康邨第二期 645 114.206513 22.291547 
75 香港商業中心 646 114.1359074 22.2870384 
74 喜利大廈 647 114.0254786 22.4448158 
74 樂道23號 648 114.1713967 22.297616 
78 星鑽 649 114.1413778 22.2855924 
76 華明中心 650 114.1371976 22.286323 
63 比利時 651 0 0 
79 馬鞍山中心1座 652 114.2325717 22.4255027 
64 法國 653 0 0 
79 晉名峰D座 654 114.1937476 22.4009274 
78 積富街89號 655 114.1786046 22.374329 
77 眾安街8號 656 114.1184017 22.3718441 
76 香港黃金海岸酒店 657 113.9894773 22.3717971 
79 體院精英運動員宿舍 658 114.1999481 22.3927265 
79 大興邨興輝樓 659 113.9718193 22.4032505 
79 明德商場 660 114.2687672 22.3166476 
79 日出康城首都第2座 661 114.2713711 22.2972619 
75 英國 662 0 0 
78 維景灣畔9座 663 114.2535612 22.3021561 
80 天水圍天耀邨耀富樓 664 114.0047107 22.4494339 
78 和記電訊大廈 665 114.1119318 22.3442733 
73 千禧新世界香港酒店 666 114.179761 22.299427 
79 威景臺A座 667 114.1945779 22.2854395 
80 山市街2號順安大廈 668 114.1299544 22.2836985 
76 恒輝大廈 669 114.1401034 22.2859621 
76 天輝工業大廈 670 114.217897 22.3142009 
73 新柳街7號昌盛金鋪大廈 671 114.1872689 22.3124323 
80 石蔭東邨蔭恆樓 672 114.139728 22.372221 
80 石蔭商場 673 114.1385792 22.3715263 
76 沙咀道40-50號榮豐工業大廈 674 114.1089125 22.3734023 
77 香港瑞吉酒店 675 114.1748977 22.2798647 
31 荷蘭及英國 676 0 0 
77 金櫻閣 677 114.1694111 22.2743746 
80 麥當勞道24號聚安樓 678 114.157045 22.275563 
80 麗景道24號麗景園 679 114.1912609 22.2377013 
80 荷李活道97號 680 114.1521918 22.2838225 
80 荷李活道62號 681 114.152752 22.282917 
80 西浦Soho189皇后大道西189號 682 114.1450207 22.2873751 
76 美國 683 0 0 
79 康怡花園Q座 684 114.2152034 22.2836357 
79 國際金融中心一期 685 114.1569078 22.2849042 
79 百老匯街67號 686 114.140642 22.336451 
78 NanFungPlace 687 114.154385 22.285828 
67 英國 688 0 0 
77 美孚新邨一期23座 689 114.1374692 22.3360479 
79 東堤灣畔 690 113.9398923 22.2880911 
69 國泰航空CX811 691 0 0 
78 映灣園12座 692 113.9484888 22.2915096 
78 駿發花園4座 693 114.1683429 22.3108171 
79 海富商場 694 114.164426 22.3154488 
74 砵蘭街3F號 695 114.1699914 22.3126743 
65 比利時、荷蘭及泰國 696 0 0 
66 海富苑海嵐閣B座 697 114.1642325 22.3167623 
60 英國及南非 698 0 0 
78 觀塘帝盛酒店 699 114.2242966 22.3080189 
81 啟德花園購物商場 700 114.1942099 22.338028 
78 黃大仙啟德花園2座 701 114.1950015 22.3375202 
73 Hcode 702 114.1545301 22.2821652 
78 蘭桂坊 703 114.1556712 22.2808373 
77 謝斐道76號恆信大廈 704 114.170948 22.278599 
77 蘭桂芳德己立街30-32號Insomnia酒吧 705 114.156084 22.281445 
77 謝斐道76號DuskTillDawn酒吧 706 114.1709438 22.2785368 
76 謝斐道82號CentreStage 707 114.1710989 22.2785751 
78 萬通保險大廈 708 114.1700581 22.2783659 
75 謝斐道307號 709 114.1783285 22.2796409 
78 雲地利道8號TagusResidences 710 114.1845189 22.2734553 
76 愉景灣寶峰寶琳閣 711 114.0123303 22.2953338 
64 瑞士及法國 712 0 0 
79 干諾道西120號太極軒120 713 114.1442252 22.2883832 
63 斯里蘭卡及英國 714 0 0 
76 斯里蘭卡 715 0 0 
76 英國倫敦 716 0 0 
77 荷李活道208號 717 114.147686 22.2854345 
71 泰國 718 0 0 
76 如心南灣海景酒店 719 114.1681339 22.2497896 
77 海柏花園6座 720 114.230482 22.4253986 
80 浪澄灣7座 721 114.156058 22.3197945 
80 凱莉山學校 722 114.175194 22.303089 
82 凱莉山學校 723 114.175194 22.303089 
82 西貢北港㘭路 724 114.2624229 22.3843577 
82 楊屋道樂悠居 725 114.1181331 22.366371 
82 長安邨安海樓 726 114.100401 22.361683 
74 和富中心6座 727 114.1958715 22.2924646 
71 美國 728 0 0 
71 加拿大 729 0 0 
80 鯉景灣安曉閣 730 114.2231319 22.2841592 
79 奧華·時尚精品酒店 731 114.1690321 22.249579 
78 英國 732 0 0 
79 昌隆工業大廈 733 114.1483479 22.3364449 
78 舂坎角龍德苑晉德閣 734 114.2084492 22.2195056 
79 香港珀麗酒店 735 114.1883333 22.2791667 
79 萬茂苑 736 114.167797 22.27554 
68 卡塔爾、丹麥及泰國 737 0 0 
77 環宇海灣1座 738 114.1136041 22.3652056 
74 馬來西亞 739 0 0 
79 英國 740 0 0 
63 粉嶺圍南 741 114.1348441 22.4959598 
72 華美達盛景酒店 742 114.1974065 22.291011 
80 華明邨禮明樓 743 114.1400802 22.4853081 
69 土耳其及英國 744 0 0 
74 海韻軒3座 745 114.1847609 22.3024523 
80 九龍珀麗酒店 746 114.1621783 22.3209937 
65 英國及瑞士 747 0 0 
74 廣林苑馥林閣 748 114.2168753 22.3806145 
71 秘魯 749 0 0 
71 玻利維亞 750 0 0 
80 香港體育學院精英運動員宿舍 751 114.1999481 22.3927265 
50 法國 752 0 0 
50 奧地利 753 0 0 
80 東霖苑 754 114.2207306 22.2803686 
78 東霖苑 755 114.2207306 22.2803686 
76 興東邨 756 114.2197557 22.2818525 
76 興東商場 757 114.2200446 22.2807126 
63 筲箕灣道191-193號 758 114.224352 22.2806227 
60 秘魯 759 0 0 
60 玻利維亞 760 0 0 
67 荷蘭、德國、法國及瑞士 761 0 0 
79 德田邨德瑞樓 762 114.2387247 22.3088387 
63 英國 763 0 0 
75 鳳輝臺蔚雲閣 764 114.1832781 22.2676219 
61 法國及西班牙 765 0 0 
79 干德道52號駿豪閣 766 114.1516564 22.2785966 
78 亞太中心 767 114.1712922 22.2969894 
55 荷蘭、奧地利和瑞士 768 0 0 
79 鶴齡街8號 769 114.193513 22.320699 
77 業豐大廈 770 114.1562058 22.2813798 
76 葵康苑葵逸閣 771 114.1304421 22.3637081 
78 麗東大廈 772 114.1748219 22.2970436 
62 印度、英國及荷蘭 773 0 0 
80 怡閣苑怡泰閣 774 114.1582642 22.3328543 
78 興華街西83號 775 114.143633 22.329106 
78 興華街西95號 776 114.1421704 22.3278688 
80 半山威勝大廈 777 114.1510186 22.2797977 
58 泰國 778 0 0 
81 數碼港艾美酒店 779 114.129432 22.261994 
68 美國 780 0 0 
80 仁安醫院 781 114.1751722 22.3602972 
66 美國及加拿大 782 0 0 
76 西貢洭湖居 783 114.2546525 22.3576106 
76 大口灣金粟街33號AQUA33第四座 784 114.1277945 22.2705846 
74 吉席街83號 785 114.1271989 22.2831904 
74 南華體育會 786 114.1874021 22.2757261 
69 瑞士 787 0 0 
80 羲皇臺8座 788 114.1309995 22.2827711 
80 華寶大廈 789 114.2261864 22.2785679 
79 青發里9號漣山 790 114.0004362 22.3660565 
41 瑞士及新加坡 791 0 0 
80 諾富特東薈城酒店 792 113.94723 22.288126 
66 瑞士及葡萄牙 793 0 0 
81 施他佛道25號 794 114.1777247 22.3323136 
80 京士柏衛理道18號君頤峰6座 795 114.1776318 22.3103555 
77 英國 796 0 0 
79 九龍珀麗酒店 797 114.1621783 22.3209937 
80 聯邦花園維也納閣 798 114.1457236 22.2819823 
80 胡忠大廈 799 114.1728051 22.2742239 
52 法國、瑞士及英國 800 0 0 
81 大潭曼克頓花園D座 801 114.2174172 22.2287786 
51 法國 802 0 0 
80 曉峰閣1座 803 114.1523423 22.275033 
53 菲律賓馬尼拉 804 0 0 
76 昇薈10座 805 113.9500686 22.2951047 
72 英國 806 0 0 
50 列斯、倫敦及新加坡 807 0 0 
67 倫敦及冰島 808 0 0 
80 英國 809 0 0 
83 大埔中心4期8座 810 114.169234 22.450928 
82 太子道西207號加多利大廈 811 114.174899 22.325013 
80 科學園科技大道西16號9樓 812 114.2089756 22.4280881 
46 德國 813 0 0 
78 英國及多哈 814 0 0 
83 寶馬山道27號賽西湖大廈 815 114.2019286 22.285835 
80 英國及多哈 816 0 0 
75 香港華麗酒店 817 114.1746718 22.3029965 
78 窩打老道152號 818 114.1790948 22.3330783 
17 英國及新加坡 819 0 0 
76 順明大廈 820 114.168867 22.3164651 
74 葵涌廣場 821 114.1271907 22.3582898 
73 葵芳閣2座 822 114.1284913 22.3553812 
73 美寧大廈 823 114.1267959 22.3601618 
71 葵涌邨秋葵樓 824 114.130215 22.36807 
55 土耳其 825 0 0 
80 東熹苑華熹閣 826 114.219398 22.27978 
80 逸瓏海匯1座 827 114.2657674 22.3780499 
80 交易廣場一座 828 114.1577759 22.2840347 
80 柏匯 829 114.2209921 22.2815125 
78 中國工商銀行大廈PureFitness健身中心 830 114.1608939 22.2784308 
80 小西灣廣場 831 114.249281 22.262948 
79 小西灣邨瑞發樓 832 114.2485694 22.2636153 
79 耀中國際學校 833 114.177173 22.335706 
66 英國 834 0 0 
79 樂活道38號 835 114.1882209 22.2693201 
59 泰國及不丹 836 0 0 
83 利東邨東業樓 837 114.154845 22.240977 
80 灝美旅舍 838 114.1981055 22.290937 
81 香島大廈 839 114.1816028 22.2797573 
83 新都城第一期4座 840 114.2576338 22.321446 
74 金軒商業大廈 841 114.175014 22.277958 
74 皇后大道東258號 842 114.1737073 22.2750716 
73 寶雲山莊 843 114.1604945 22.2742297 
63 菲律賓及土耳其 844 0 0 
81 圓方 845 114.1612911 22.3047692 
75 香港國際機場 846 113.9184808 22.308047 
65 瑞士、法國、西班牙及英國 847 0 0 
71 寶明大廈 848 114.1835534 22.2784909 
64 香港國際機場 849 113.9184808 22.308047 
82 雅典居7座 850 114.2372387 22.4263962 
80 富景花園3座 851 114.2524468 22.2629375 
14 英國及新加坡 852 0 0 
74 香港國際機場 853 113.9184808 22.308047 
79 耀安邨耀遜樓 854 114.2314804 22.4191167 
79 太子道西360號 855 114.187381 22.327566 
37 美國及台灣 856 0 0 
80 香港國際機場 857 113.9184808 22.308047 
78 江庫雅苑10座 858 114.196448 22.472195 
36 香港國際機場 859 113.9184808 22.308047 
74 江庫雅苑10座 860 114.196448 22.472195 
74 新翠園 861 114.1859801 22.327534 
80 西沙路西徑村 862 114.265688 22.4156941 
64 杜拜 863 0 0 
81 觀塘帝盛酒店 864 114.2242966 22.3080189 
81 香港國際機場 865 113.9184808 22.308047 
79 香港國際機場 866 113.9184808 22.308047 
78 荷李活道53號 867 114.1530963 22.2827855 
62 香港國際機場 868 113.9184808 22.308047 
82 香港國際機場 869 113.9184808 22.308047 
81 英國 870 0 0 
82 太古城金山閣 871 114.2183791 22.2856258 
34 英國 872 0 0 
81 九龍塘施他佛道 873 114.1779918 22.3319058 
82 皇后大道西312號 874 114.1417812 22.2868508 
82 好利商業大廈Insomnia酒吧 875 114.1552934 22.2808597 
76 德輔道西瑧璈 876 114.1390321 22.2876504 
31 英國 877 0 0 
84 謝斐道82號CentreStage 878 114.1710989 22.2785751 
84 好利商業大廈Insomnia酒吧 879 114.1552934 22.2808597 
81 堅道135至137A號金谷大廈 880 0 0 
84 謝斐道76號DuskTillDawn酒吧 881 114.1709438 22.2785368 
80 大潭曼克頓花園C座 882 114.2174172 22.2287786 
69 英國、芬蘭及多哈 883 0 0 
82 英國 884 0 0 
92 英國 885 0 0 
67 土耳其、西班牙及葡萄牙 886 0 0 
84 富豪花園翡翠閣 887 114.1999012 22.38559 
82 堅道135至137A號金谷大廈 888 0 0 
75 東達中心 889 114.2141954 22.2851956 
82 謝斐道82號CentreStage 890 114.1710989 22.2785751 
82 謝斐道76號DuskTillDawn酒吧 891 114.1709438 22.2785368 
77 香港四季酒店 892 114.1569068 22.2864877 
71 英國 893 0 0 
77 進教圍13-15號愛寶大廈 894 114.1690145 22.2761043 
79 香港四季酒店 895 114.1569068 22.2864877 
15 英國及荷蘭 896 0 0 
79 上環平安里1號 897 114.1504748 22.2839641 
46 蘇格蘭及法國 898 0 0 
80 逸東商場1期 899 113.9348144 22.281675 
77 東薈城名店倉 900 113.9408813 22.2894343 
76 華比銀行大廈 901 114.1687997 22.3210903 
75 滿東邨滿和樓 902 113.9324941 22.2766156 
73 始創中心4樓 903 114.1691147 22.3225511 
71 澳門 904 113.543873 22.198745 
80 海怡半島第12座 905 114.146127 22.243179 
80 星港大廈 906 114.1758437 22.278659 
78 中建電訊大廈 907 114.1975326 22.397255 
78 機利文新街18號 908 114.1541189 22.2848802 
73 雲咸街63號 909 114.1549665 22.2814003 
81 海景商業大廈 910 114.1491607 22.2877642 
79 碧瑤灣25座 911 114.134158 22.2617792 
58 葡萄牙、西班牙及英國 912 0 0 
79 羅便臣道52號威勝大廈 913 114.151065 22.279654 
75 聯合工業大廈9樓Studio9 914 114.1675397 22.248923 
79 饒宗頤文化館 915 114.141956 22.337908 
71 西班呀 916 114.1743938 22.2975659 
81 新達廣場 917 114.1687166 22.4440004 
80 懷仁街22號 918 114.1659594 22.44847 
80 寶鄉街48號 919 114.1662217 22.4473324 
79 大埔新屋家 920 114.163565 22.431946 
79 南盛街21號 921 114.1660206 22.4481718 
78 電訊大廈 922 114.1709365 22.2798155 
81 高街1號匯賢居 923 114.1460717 22.2848593 
66 印度 924 0 0 
80 牛津道1號 925 114.180236 22.330472 
27 英國 926 0 0 
78 明園西街6號 927 114.198684 22.290413 
41 台灣、美國及德國 928 0 0 
78 匡湖居 929 114.2546525 22.3576106 
43 法國 930 0 0 
82 新達廣場3座 931 114.1693415 22.4435259 
79 菲律賓 932 0 0 
83 恆信大廈 933 114.1709438 22.2785368 
83 好利商業大廈Insomnia酒吧 934 114.1552934 22.2808597 
82 鴻福街2號B 935 114.1881816 22.3142625 
77 廣明苑廣昌閣 936 114.259714 22.3119679 
66 泰國 937 0 0 
32 泰國 938 0 0 
81 梅窩銀灣邨銀月樓 939 113.9964404 22.2649126 
81 好利商業大廈Insomnia酒吧 940 114.1552934 22.2808597 
81 謝斐道82號CentreStage 941 114.1710989 22.2785751 
82 恆信大廈 942 114.1709438 22.2785368 
80 諾士佛臺9號AllNightLong酒吧 943 114.1738801 22.301239 
84 新港中心 944 114.1693667 22.2974957 
84 泛達太子酒店 945 114.1642673 22.3266212 
84 北京道71-77號誠信大廈 946 114.1717144 22.2962433 
80 漢口道17號新聲大廈 947 114.1709903 22.2965356 
82 景林邨景棉樓 948 114.2608284 22.3216398 
81 波斯富大廈 949 114.1830324 22.2787498 
73 瑞士 950 0 0 
82 香港珀麗酒店 951 114.1883333 22.2791667 
80 業豐大廈 952 114.1562058 22.2813798 
79 鳳輝臺1A號 953 114.1833908 22.2689909 
79 東薈城名店倉 954 113.9408813 22.2894343 
73 印尼 955 0 0 
80 大浪灣村 956 114.2501946 22.2453604 
78 美國 957 0 0 
72 康樂東路 958 114.15758 22.461693 
70 富盛大廈 959 114.0275301 22.4421921 
84 諾士佛臺9號AllNightLong酒吧 960 114.1738801 22.301239 
65 泰國 961 0 0 
81 青磚圍雍景園 962 113.9826079 22.4231643 
67 倫敦、迪拜、德里 963 0 0 
79 香港愉景灣酒店 964 114.0161256 22.306496 
68 保加利亞、土耳其 965 0 0 
82 盈翠半島8座 966 114.107512 22.3586612 
83 香港荃灣帝盛酒店 967 114.1294527 22.3706522 
81 德國 968 0 0 
69 順風圍 969 113.988634 22.424523 
80 K11 970 114.173575 22.2974095 
1 英國、新加坡 971 0 0 
85 香港金域假日酒店 972 114.1729379 22.2967632 
83 德輔道中33號 973 114.15708 22.283047 
81 希慎廣場 974 114.1838445 22.2797035 
53 南韓、美國 975 0 0 
73 威利大廈 976 114.154247 22.283544 
73 南非 977 0 0 
71 巴黎及倫敦 978 113.974589 22.3980595 
83 雅栢苑A座 979 114.1937708 22.2576129 
80 美麗華廣場A座 980 114.172688 22.300715 
71 杜拜 981 0 0 
66 老撾 982 0 0 
80 海逸豪園16座 983 114.192679 22.308971 
79 ThePulse 984 114.197918 22.235967 
79 發昌樓 985 114.1915416 22.2844687 
78 華盛中心 986 114.2456438 22.2674329 
56 美國 987 0 0 
83 旭逸居2座 988 114.213417 22.223954 
77 瑞士 989 0 0 
77 嘉亨灣1座 990 114.2241431 22.2849924 
84 料壆村12巷 991 114.104953 22.52763 
13 英國 992 0 0 
76 維港灣6座 993 114.1572424 22.318496 
52 荷蘭、奧地利及瑞士 994 0 0 
77 半山干德道52號 995 114.1489447 22.2807359 
82 美基樓 996 113.974672 22.39787 
80 國泰城 997 113.9341451 22.2982149 
78 諾士佛臺9號AllNightLong酒吧 998 114.1738801 22.301239 
80 屯門新墟村 999 113.979567 22.400717 
84 匯景廣場 1000 114.2336121 22.3070624 
81 環翠邨喜翠樓 1001 114.2384553 22.262314 
79 富盛商業大廈 1002 114.1858059 22.2793349 
76 菲律賓 1003 0 0 
80 觀塘紀律部隊宿舍 1004 114.224896 22.321177 
85 形點II 1005 114.0352248 22.4457587 
84 屏欣商場 1006 114.0034577 22.4455411 
81 軒尼詩道171號 1007 114.1739163 22.2778943 
83 屏欣苑屏愛閣 1008 114.0046877 22.4453439 
83 荔灣街市 1009 114.1383028 22.3374314 
82 百老匯街69-119號 1010 114.1408 22.335912 
80 宏利大廈 1011 114.2144372 22.3159461 
82 美孚新邨吉利徑8號 1012 114.139768 22.336085 
85 始創中心 1013 114.1691147 22.3225511 
84 中保集團大廈 1014 114.1551537 22.2855404 
83 最佳盛品酒店 1015 114.175856 22.300236 
82 帝國中心 1016 114.1783981 22.2982675 
81 菲力大廈 1017 114.174627 22.300411 
80 好兆年行 1018 114.1751935 22.3030887 
71 英國及荷蘭 1019 0 0 
76 冠熹苑 1020 114.1831818 22.314472 
76 尖沙咀君怡酒店 1021 114.1737669 22.3005805 
20 英國 1022 0 0 
86 南華莆 1023 114.151646 22.475643 
65 英國倫敦 1024 0 0 
58 馬爾他 1025 0 0 
77 殷樺花園 1026 114.1480773 22.2812739 
81 東方花園B座 1027 114.1757144 22.3255524 
85 香港銅鑼灣維景酒店 1028 114.192157 22.281292 
82 中建大廈 1029 114.1573655 22.2811499 
81 英國倫敦 1030 0 0 
78 HappyValley88 1031 114.186131 22.2695185 
82 日和閣 1032 114.1791877 22.3265242 
83 永安集團大廈 1033 114.156478 22.283883 
83 惠芳閣 1034 114.2101531 22.2885626 
82 柴灣市政大廈 1035 114.239849 22.26335 
77 TheL.Place 1036 0 0 
75 灣仔帝盛酒店 1037 114.178936 22.274559 
83 金源洋樓 1038 114.240291 22.264257 
82 軒尼詩道354號 1039 114.1792879 22.2784009 
82 登龍閣 1040 114.1859452 22.2788334 
76 印度及泰國 1041 114.1716063 22.2761586 
84 希雲大廈 1042 114.186676 22.2781849 
84 映灣園6座 1043 113.9505333 22.2925878 
84 英國 1044 0 0 
73 澳洲 1045 0 0 
84 深水埗警署 1046 114.1585135 22.3302738 
84 新界南總區警察總部 1047 114.1228477 22.3710322 
83 荷李活商業中心 1048 114.1701539 22.3169284 
83 瓊華中心 1049 114.1698872 22.3178437 
82 荃新天地一期 1050 114.1138278 22.3700655 
81 奧海城二期 1051 114.1619682 22.3172044 
80 文遜大厦 1052 114.1724068 22.2982961 
79 始創中心 1053 114.1691147 22.3225511 
77 青衣城 1054 114.1081419 22.3584265 
76 牡丹大廈 1055 114.1618173 22.3201949 
84 荔枝角道19號 1056 114.168302 22.32229 
80 海怡東商場 1057 114.1484961 22.2434995 
80 海怡半島6座 1058 114.1462959 22.2446038 
82 一號銀海2座 1059 114.1555239 22.3175459 
122 挪威及泰國 1060 0 0 
83 清河邨清澤樓 1061 114.126703 22.4930079 
84 宜興樓 1062 114.1792574 22.2789279 
84 恆信大廈 1063 114.1709438 22.2785368 
84 灣仔街市 1064 114.173721 22.2745271 
81 恆信大廈 1065 114.1709438 22.2785368 
77 恆信大廈 1066 114.1709438 22.2785368 
32 美國 1067 0 0 
73 港景別墅 1068 114.160539 22.272925 
78 天恒邨恒麗樓 1069 114.0011099 22.4708809 
83 彌敦道498-500號 1070 114.1711296 22.3118166 
80 彌敦道26號 1071 114.1726391 22.2958616 
80 亞士厘道7號 1072 114.1704562 22.2965107 
79 毅力工業中心 1073 114.2222855 22.3132677 
79 APM 1074 114.2251278 22.312175 
78 銅鑼灣廣場二期 1075 114.1822161 22.2805855 
78 利園商場二期 1076 114.1855497 22.2786549 
78 希慎道8號 1077 114.1847609 22.2779519 
77 威靈頓廣場M88 1078 114.156032 22.2807553 
77 希慎廣場 1079 114.1838445 22.2797035 
77 OneHomantin5座 1080 114.1812535 22.3168383 
73 加拿大 1081 0 0 
80 菁英臺 1082 114.1578462 22.2750174 
84 新翠山莊 1083 114.1963247 22.4327273 
77 香港瑰麗酒店 1084 114.1758105 22.2949764 
84 新都會廣場 1085 114.1269292 22.3574957 
82 興華廣場一期 1086 114.2356048 22.262491 
81 金龍工業中心三期 1087 114.130888 22.357983 
83 興華(一）邨卓華樓 1088 114.2351026 22.2622549 
54 加拿大、秘魯及玻利維亞 1089 0 0 
80 太隆樓 1090 114.2129975 22.2823928 
77 薈萃苑 1091 114.1530249 22.2785866 
83 譽港灣6座 1092 114.1682653 22.2970367 
81 諾士佛臺9號AllNightLong酒吧 1093 114.1738801 22.301239 
84 愛民邨昭民樓 1094 114.177739 22.31337 
84 美國 1095 0 0 
83 南豐廣場6座 1096 114.2639628 22.3148903 
83 英國 1097 0 0 
84 衍慶大廈BarPacific酒吧 1098 114.1945753 22.3356993 
81 西洋菜北街314號 1099 114.168737 22.325915 
81 大角咀市政大廈 1100 114.1627927 22.3220032 
75 歐美廣場 1101 114.1693878 22.3151119 
74 永毅大樓BarPacific酒吧 1102 114.223679 22.315675 
85 基隆街280號 1103 114.161134 22.32966 
85 諾士佛臺9號AllNightLong酒吧 1104 114.1738801 22.301239 
79 皇后大道中379號 1105 114.1489862 22.2862029 
85 娛樂行 1106 114.1564406 22.2814411 
23 英國及新加坡 1107 0 0 
74 孖沙街8號 1108 114.1520404 22.2854798 
71 東街18號 1109 114.1493709 22.285126 
65 英國及法國 1110 0 0 
80 順利邨利業樓 1111 114.2256291 22.3318296 
66 法國及英國 1112 0 0 
75 元朗仁壽圍84號 1113 113.9919518 22.4482826 
85 菲律賓 1114 0 0 
75 居於菲律賓 1115 0 0 
79 居於英國 1116 114.1693611 22.3193039 
85 香港凱悅酒店-沙田 1117 114.211047 22.411897 
83 觀塘秀茂坪邨秀華樓 1118 114.2324092 22.3185538 
83 諾士佛臺9號AllNightLong酒吧 1119 114.1738801 22.301239 
83 美國 1120 0 0 
79 大角咀亮賢居 1121 114.162665 22.3255441 
84 新都城第二期第九座 1122 114.2581878 22.3233143 
58 葡萄牙及西班牙 1123 0 0 
83 愉景灣蘅峰曦欣閣 1124 114.0218315 22.2945241 
83 功樂道21號凱德大廈A座 1125 114.220671 22.316372 
85 利群商場 1126 114.1528727 22.248537 
83 福群大樓B座 1127 114.152859 22.24823 
60 英國 1128 0 0 
80 列提頓道48號俊傑花園 1129 114.14137 22.283498 
74 英國 1130 0 0 
84 余仁生中心 1131 114.17512 22.2969701 
83 恆隆中心 1132 114.186027 22.280387 
81 中建大廈 1133 114.1573655 22.2811499 
79 堅尼地道8號 1134 114.157446 22.2765752 
53 印度 1135 0 0 
86 形點I 1136 114.0359613 22.4442414 
86 富興大廈 1137 114.025161 22.44435 
85 仁愛普通科門診診所 1138 113.9791329 22.3911932 
83 衡怡大廈 1139 114.1590306 22.2802594 
83 希慎廣場 1140 114.1838445 22.2797035 
83 柏寧酒店 1141 114.1864262 22.2811814 
82 新元朗中心第4座 1142 114.0345455 22.44488 
82 諾士佛臺9號AllNightLong酒吧 1143 114.1738801 22.301239 
80 諾士佛臺6號 1144 114.1735912 22.3013139 
80 諾士佛臺10號 1145 114.1739859 22.3013607 
86 愉富大廈A座 1146 114.193771 22.273643 
84 中國工商銀行大廈 1147 114.160645 22.278447 
86 摩星嶺道64號御海園2座 1148 114.119902 22.273701 
87 香港遨舍衛蘭軒 1149 114.168956 22.2774932 
81 梳士巴利道41號香港基督教青年會 1150 114.1711064 22.2951876 
84 屯門新屯門中心2座 1151 113.9640782 22.3812858 
82 荷蘭 1152 0 0 
74 大埔科進路16號嘉熙2座 1153 114.205268 22.4295591 
85 旺角新填地街392號 1154 114.1682344 22.3169478 
82 德國 1155 0 0 
81 帝樂文娜公館 1156 114.1738889 22.3008333 
87 海逸居 1157 114.2772081 22.3192304 
81 科達中心 1158 114.1562206 22.2763632 
73 南灣道57號Belgravia 1159 114.1996457 22.2285929 
82 灣仔駱克道238-240號益誠樓 1160 114.1759134 22.278321 
81 灣仔街市 1161 114.173721 22.2745271 
81 將軍澳日出康城晉海5B 1162 114.2713255 22.2931637 
85 英國 1163 0 0 
83 荃灣海濱花園海翠閣 1164 114.113634 22.362005 
59 西班牙巴塞隆拿 1165 0 0 
87 筲箕灣金華街33號 1166 114.229379 22.2781402 
87 謝斐道82號CentreStage 1167 114.1710989 22.2785751 
80 觀塘帝盛酒店 1168 114.2242966 22.3080189 
84 希爾頓中心 1169 114.1868134 22.3793495 
80 諾士佛臺10-11號 1170 114.1739859 22.3013607 
78 火炭穗禾路21-29號豐景花園 1171 114.192318 22.393994 
77 新城市廣場 1172 114.1886372 22.3817578 
76 英皇道1063號 1173 114.2137406 22.284978 
86 炮仗街93號 1174 114.1892996 22.3206742 
74 大成街街市 1175 114.1944674 22.3373845 
80 慈雲山慈正邨正明樓 1176 114.2027806 22.3492159 
82 如心南灣海景酒店 1177 114.1681339 22.2497896 
87 香港沙田萬怡酒店 1178 114.2064083 22.3906489 
83 巴西 1179 0 0 
87 觀塘曉麗苑曉天閣 1180 114.2288798 22.3217269 
86 觀塘曉麗苑曉天閣 1181 114.2288798 22.3217269 
86 嘉湖山莊樂湖居4座 1182 114.0005059 22.4514257 
87 九龍灣麗晶花園第14座 1183 114.2070051 22.3304721 
84 盈翠半島8座 1184 114.107512 22.3586612 
68 保加利亞、土耳其及新加坡 1185 0 0 
75 英國及阿聯酋的杜拜 1186 0 0 
87 富榮花園3座 1187 114.1638609 22.314292 
87 又一村高雲閣 1188 114.1730338 22.3300019 
86 新城市廣場 1189 114.1886372 22.3817578 
66 新西蘭 1190 0 0 
87 顯徑邨顯揚樓 1191 114.1734286 22.3649267 
107 海怡東商場 1192 114.1484961 22.2434995 
83 金豐大廈 1193 114.1555007 22.2483749 
86 偉利閣 1194 114.1679481 22.3070208 
86 好利商業大廈Insomnia酒吧 1195 114.1552934 22.2808597 
84 華源大廈 1196 114.1718214 22.2977187 
81 金威廣場 1197 114.1709903 22.306258 
81 謝斐道76號DuskTillDawn酒吧 1198 114.1709438 22.2785368 
84 杏花邨第33座 1199 114.2404905 22.2780222 
86 西班牙 1200 0 0 
88 國際廣場 1201 114.1718959 22.297025 
85 卓爾居3座 1202 113.974446 22.401569 
85 帝堡城2座 1203 114.2148551 22.3840073 
80 澳洲 1204 0 0 
83 薄扶林道142號CD座 1205 114.1354472 22.2645749 
1 英國 1206 0 0 
84 必嘉街興利大廈 1207 114.1835302 22.3074636 
87 隆亨邨慧心樓 1208 114.177664 22.364754 
87 香港港安醫院-荃灣 1209 114.1041048 22.3764929 
86 峻巒2B 1210 114.0533427 22.4512757 
75 新都會廣場2座 1211 114.1263314 22.357444 
85 東華三院賽馬會復康中心 1212 114.1636524 22.2466578 
85 偉成大廈 1213 114.1677391 22.3072499 
84 灣仔軒尼詩道310至312號 1214 0 0 
84 常盛街皓畋第三座 1215 114.1812438 22.3193908 
83 沙田政府合署 1216 114.186962 22.385632 
83 聖德肋撒醫院 1217 114.184829 22.3262591 
80 漢口道39號 1218 114.1707348 22.2975132 
80 國際廣場(iSQUARE） 1219 114.1718959 22.297025 
85 功樂道凱德大廈A座 1220 114.220671 22.316372 
85 渡船街順興大廈 1221 114.16667 22.3172895 
84 諾士佛臺10-11號 1222 114.1739859 22.3013607 
83 利就商業大廈 1223 114.17444 22.297874 
86 基隆街280號 1224 114.161134 22.32966 
87 德福花園Q2座 1225 114.2125663 22.3243965 
84 瑞士 1226 0 0 
84 彌敦道315號 1227 114.1712689 22.3061705 
21 法國 1228 0 0 
79 漾日居3座 1229 114.1633036 22.3042646 
85 美國 1230 0 0 
81 聚賢居2座 1231 114.1507863 22.2837585 
82 聚賢居2座 1232 114.1507863 22.2837585 
82 告士打道88號 1233 114.1733357 22.2789667 
77 長江集團中心 1234 114.1606395 22.2794517 
85 嘉易大廈 1235 114.1741949 22.2772837 
85 謝斐道76號DuskTillDawn酒吧 1236 114.1709438 22.2785368 
85 杜老誌道5號 1237 114.1776644 22.2790528 
84 駱克道238-240號 1238 114.1759134 22.278321 
82 葵涌邨綠葵樓 1239 114.1283239 22.3681253 
80 驊宅 1240 114.173775 22.274279 
77 香港體育學院 1241 114.1999481 22.3927265 
41 法國及台灣 1242 0 0 
88 海景大廈 1243 114.1461184 22.2881338 
88 長樂街22號 1244 114.172313 22.3066665 
88 謝斐道82號CentreStage 1245 114.1710989 22.2785751 
80 荃灣絲麗酒店 1246 114.1389799 22.3691614 
80 石排灣邨碧山樓 1247 114.1580088 22.2498119 
80 渣華道18號 1248 114.1959768 22.2911148 
52 美國 1249 0 0 
81 福昌樓 1250 114.2124403 22.2844858 
68 法國及荷蘭 1251 0 0 
79 歌賦街32號 1252 114.1522961 22.2841954 
75 金禧大廈 1253 114.1801262 22.2796856 
88 Ardshiel 1254 114.156563 22.2682677 
88 嵐岸6座 1255 114.2227499 22.4116976 
88 錦英苑E座 1256 114.2365654 22.4226897 
86 香港華美達海景酒店 1257 114.1435356 22.2869928 
70 澳貝村 1258 114.2750309 22.3122674 
88 漢寧大廈 1259 114.1409743 22.2835032 
28 荷蘭及英國 1260 0 0 
88 德輔道西217號 1261 114.1419962 22.2881173 
88 福利別墅 1262 114.119908 22.2732931 
87 君立酒店 1263 114.2059295 22.3238199 
88 喜利大廈 1264 114.0254786 22.4448158 
88 凱榮路 1265 114.1560819 22.5066173 
88 豫苑 1266 114.1450617 22.2845609 
85 寶怡花園2座 1267 113.9686551 22.4082199 
88 佛光街30號 1268 114.1867115 22.3091198 
88 紅樂道12號 1269 114.1847609 22.3024523 
87 下坑村 1270 114.186001 22.462748 
87 和富中心1座 1271 114.1954428 22.2919619 
88 香港旺角智選假日酒店 1272 114.1671636 22.3149097 
71 輝鴻閣 1273 114.1486266 22.2812859 
76 華麗都會酒店 1274 114.1411637 22.2868357 
77 灣仔帝盛酒店 1275 114.178936 22.274559 
77 香港海景絲麗酒店 1276 114.1700399 22.3102695 
83 玖瓏山 1277 114.1994832 22.413598 
75 大夫第A座 1278 114.0764341 22.4996395 
85 華麗海景酒店 1279 114.1435356 22.2869928 
72 海典軒 1280 113.9711666 22.3837082 
86 駿才街70號 1281 114.2715548 22.281901 
80 謝斐道54號 1282 114.1702389 22.2787283 
86 富康花園4座 1283 114.2615946 22.309949 
82 華懋廣場II期 1284 114.1553218 22.2854598 
84 輝煌臺 1285 114.1508328 22.2800885 
83 學士臺2座 1286 114.1317195 22.2822873 
86 帝堡城2座 1287 114.2148551 22.3840073 
85 鴻豐商業中心 1288 114.153166 22.2826873 
75 第三街100號 1289 114.140325 22.285542 
86 列堤頓道32號 1290 114.1422033 22.2837106 
88 諾士佛臺10號 1291 114.1739859 22.3013607 
87 荔枝角道68號 1292 114.166455 22.324204 
85 永昌大廈 1293 114.1681571 22.3173862 
84 樂輝商業大廈 1294 114.1714083 22.2977777 
84 明華廣場 1295 114.118702 22.547353 
85 基隆街101號 1296 114.1653704 22.3260222 
86 英國 1297 0 0 
84 杏花邨41座 1298 114.2409305 22.277569 
55 英國 1299 0 0 
85 日出康城領凱10座 1300 114.2729942 22.294876 
86 星河明居E座 1301 114.2015963 22.3415349 
36 瑞士 1302 0 0 
75 松苑 1303 114.1896142 22.2391516 
50 英國 1304 0 0 
78 康利苑1座 1305 114.220721 22.317943 
85 又一城 1306 114.1745657 22.3373517 
84 港怡醫院 1307 114.1763966 22.2515672 
82 盛薈5座 1308 114.1747291 22.3696913 
62 墨西哥及巴西 1309 0 0 
86 怡明邨怡茵樓 1310 114.263243 22.3059187 
82 堅尼地道48號 1311 114.1682965 22.2746373 
84 金谷大廈 1312 114.149811 22.2830399 
86 金谷大廈 1313 114.149811 22.2830399 
87 金谷大廈 1314 114.149811 22.2830399 
84 亞畢諾道2號 1315 114.154595 22.2802379 
81 大興邨興盛樓 1316 113.9694108 22.4028265 
84 兆畦苑兆富閣 1317 113.9665177 22.4051502 
87 和富中心4座 1318 114.1959179 22.2920213 
79 西摩道1號 1319 114.1508328 22.2800885 
78 太古廣場1座 1320 114.164323 22.277192 
77 加州大廈 1321 114.1555006 22.2809076 
79 敦皓 1322 114.1489001 22.2801964 
81 第二街129號 1323 114.1397569 22.2863585 
81 般咸道63號 1324 114.140849 22.284476 
83 永德大廈B座 1325 114.1808572 22.2779461 
80 國際金融中心 1326 114.158131 22.28588 
79 TheL.Place 1327 0 0 
77 中環．石板街酒店 1328 114.1553729 22.2827861 
81 帝柏海灣1座 1329 114.1615409 22.3170234 
71 崗下村 1330 0 0 
83 崗下村 1331 0 0 
89 柏寧酒店 1332 114.1864262 22.2811814 
89 康利苑1座 1333 114.220721 22.317943 
89 滙景花園1座 1334 114.2329432 22.3078569 
89 維多利中心3座 1335 114.1905199 22.2871582 
86 GrandYoho10座 1336 0 0 
89 晉逸精品酒店 1337 114.1749822 22.2984542 
57 美國及加拿大 1338 0 0 
84 嘉暉花園 1339 114.0377321 22.2852839 
63 英國、西班牙及法國 1340 0 0 
89 嘉湖山莊翠湖居1座 1341 113.9990903 22.4574914 
57 英國、波蘭、瑞典及丹麥 1342 0 0 
79 觀塘帝盛酒店 1343 114.2242966 22.3080189 
89 沙田第一城8座 1344 114.2030592 22.3882287 
77 新加坡 1345 0 0 
85 祥華邨祥德樓 1346 114.1416594 22.4936917 
83 日出康城領峯7座 1347 114.271943 22.294507 
89 世紀香港酒店 1348 114.176386 22.2788043 
85 擎天半島3座 1349 114.162274 22.306462 
82 啟德1號(I)1座 1350 114.2004158 22.3290681 
87 華麗酒店 1351 114.1746718 22.3029965 
79 宏基國際賓館 1352 114.153343 22.278663 
89 肇明大廈 1353 114.1825549 22.2811986 
86 南非及俄羅斯 1354 0 0 
86 美國 1355 0 0 
89 深井海雲軒2座 1356 114.05635 22.3659893 
67 新西蘭及英國 1357 0 0 
81 錦繡花園 1358 114.0443408 22.4780591 
87 中保集團大廈 1359 114.1551537 22.2855404 
82 黃埔天地家居庭 1360 114.1911022 22.3058908 
82 黃埔號 1361 114.1898333 22.3040556 
82 黃埔天地享膳坊(第4期) 1362 114.1887218 22.3036046 
81 福華街208號B 1363 114.1604403 22.3331262 
80 九龍公共圖書館 1364 114.1760916 22.318529 
89 冠熹苑 1365 114.1831818 22.314472 
86 雲疊花園 1366 114.177542 22.368507 
83 隔田村 1367 114.183494 22.367032 
85 香港浸信會醫院 1368 114.1801578 22.3395004 
84 朗豪坊 1369 114.1686502 22.3181798 
84 亞皆老街4號 1370 114.1678785 22.3188253 
87 佳翠苑耀翠閣 1371 114.251235 22.261509 
83 壽富街55號 1372 114.026712 22.4450342 
83 黃泥墩村 1373 114.022433 22.41897 
84 美景臺AB座 1374 114.12495 22.2696489 
84 達運閣C座 1375 114.1756396 22.3406588 
85 砵典乍街36號 1376 114.1549148 22.2820969 
83 ThePulse 1377 114.197918 22.235967 
78 卑路乍街28號金寶閣 1378 114.1304886 22.2832875 
77 永華大廈 1379 114.2275099 22.277727 
67 摩洛哥 1380 0 0 
83 明雅苑明欣閣 1381 114.175291 22.451708 
68 英國 1382 0 0 
85 禮頓山8座 1383 114.1836231 22.2764092 
84 第一街8號 1384 114.142668 22.286376 
87 愉富大廈A座 1385 114.193771 22.273643 
56 英國、烏克蘭及阿拉伯聯合酋長國 1386 0 0 
85 東涌東環1A座 1387 113.9507192 22.2965747 
66 英國及荷蘭 1388 0 0 
85 盈翠半島3A座 1389 114.107512 22.3586612 
86 歐陸貿易中心 1390 114.157614 22.282815 
85 新昌工業大廈 1391 114.1492919 22.3367277 
84 馬牯纜村 1392 114.262517 22.426212 
69 菲律賓 1393 0 0 
89 恒信大廈 1394 114.1709438 22.2785368 
89 皇后大道西484-496號新安大樓 1395 114.1354354 22.2858022 
87 新翠花園2座 1396 114.2378632 22.264087 
86 石硤尾邨美笙樓 1397 114.1657724 22.3335941 
88 恆信大廈 1398 114.1709438 22.2785368 
87 雍景臺2座 1399 114.1493697 22.2815178 
87 新墟街市 1400 113.9758872 22.3973155 
87 良景商場 1401 113.9627991 22.4063434 
89 兆畦苑兆富閣 1402 113.9665177 22.4051502 
85 德祥樓 1403 113.9958132 22.4327432 
30 英國 1404 0 0 
81 金閣豪園6座 1405 113.9946052 22.433282 
74 德國 1406 0 0 
87 加多利大廈 1407 114.174899 22.325013 
87 澳門 1408 113.543873 22.198745 
87 APM 1409 114.2251278 22.312175 
83 鴻圖中心 1410 114.220335 22.3128786 
81 開源道55號 1411 114.2240038 22.3106862 
81 1亞太中心 1412 114.224515 22.312567 
84 寶達邨達喜樓 1413 114.2370183 22.3164246 
88 華敦大廈 1414 114.1723139 22.2991827 
86 寶康大廈 1415 114.1657884 22.4474238 
87 樂華(北）邨勤華樓 1416 114.2197325 22.3222916 
82 敦皓 1417 114.1489001 22.2801964 
88 國泰城 1418 113.9341451 22.2982149 
86 逸泰居 1419 113.9338643 22.2972929 
87 英國 1420 0 0 
83 啟業邨啟盛樓 1421 114.2089233 22.3296547 
81 雙喜大廈 1422 114.1577301 22.2475013 
65 英國 1423 0 0 
82 堅尼地道8號 1424 114.157446 22.2765752 
74 碧濤花園百利閣 1425 114.2077354 22.3944991 
27 以色列 1426 0 0 
87 映灣園15座 1427 113.9481257 22.2913846 
90 香港萬麗海景酒店 1428 114.173782 22.281513 
103 耀華街4號 1429 114.1823691 22.2775658 
103 禮雲大樓 1430 114.186921 22.277545 
102 皇室堡 1431 114.1865602 22.2804505 
102 台山中心 1432 114.1734983 22.2764342 
101 軒尼斯大廈 1433 114.1829961 22.2797994 
84 柏寧酒店 1434 114.1864262 22.2811814 
84 英皇駿景酒店 1435 114.1782551 22.2747832 
84 帝京酒店 1436 114.173044 22.324062 
88 美孚新邨百老匯街114號 1437 114.1412879 22.3352899 
72 Page148 1438 114.1746968 22.3032648 
87 映灣園11座 1439 113.9488605 22.2916263 
36 英國 1440 0 0 
90 長安邨安濤樓 1441 114.102226 22.361354 
90 華麗酒店 1442 114.1746718 22.3029965 
84 翠林邨碧林樓 1443 114.248524 22.321518 
90 和富中心8座 1444 114.1962894 22.292573 
90 杏花邨48座 1445 114.2413484 22.2758469 
75 香港銅鑼灣皇冠假日酒店 1446 114.1826942 22.2769914 
83 青輝新村 1447 114.1031285 22.3522327 
90 香港百樂酒店 1448 114.1754107 22.2996468 
89 陽明山莊4座 1449 114.1985079 22.257913 
84 加拿分道25號 1450 114.1737769 22.2981892 
88 逸東邨康逸樓 1451 113.9378941 22.2806755 
89 警察體育遊樂會 1452 114.1692169 22.3274835 
87 駱克駅 1453 114.1827755 22.2807387 
87 西九文化區 1454 114.1559101 22.3002414 
86 石硤尾報案中心及西九龍機動部隊行動基地 1455 114.1695968 22.333683 
89 富昌邨富萊樓 1456 114.1540144 22.3290114 
90 皇御居 1457 114.1967129 22.3808908 
58 英國、捷克及法國 1458 0 0 
80 漾日居七座 1459 114.1630249 22.3054421 
90 漾日居七座 1460 114.1630249 22.3054421 
90 赤坭坪 1461 114.200724 22.420354 
75 瑞士及印尼 1462 0 0 
90 富雅閣 1463 114.1629088 22.3324272 
89 維景酒店 1464 114.1675774 22.323359 
82 高埔村 1465 114.056859 22.44176 
90 紅山半島棕櫚徑 1466 114.2289396 22.2324898 
90 香港基督教青年會 1467 114.1710035 22.295347 
89 百德大廈B座 1468 114.1852341 22.2805976 
86 祥華邨祥智樓 1469 114.1410092 22.4940563 
81 香港天際萬豪酒店 1470 113.9437259 22.319077 
87 灣仔帝盛酒店 1471 114.178936 22.274559 
81 香港仔中心商場二期 1472 114.1532881 22.2482658 
79 南和行大廈 1473 114.1492768 22.2872009 
89 石排灣邨碧山樓 1474 114.1580088 22.2498119 
88 黃大仙下邨龍華樓 1475 114.1944442 22.338916 
87 如心南灣海景酒店 1476 114.1681339 22.2497896 
87 新都城3期4座 1477 114.257139 22.322381 
78 如心南灣海景酒店 1478 114.1681339 22.2497896 
87 香港威雅學校 1479 114.1752399 22.3301552 
86 盧押道23號 1480 114.171566 22.278702 
85 交易廣塲二座 1481 114.15835 22.284024 
85 澳門逸園中心 1482 114.1837624 22.2803108 
85 亞洲太平洋中心 1483 114.156539 22.281101 
87 傲瀧10座 1484 114.2603651 22.3357961 
83 新世界大廈 1485 114.1573817 22.2804971 
87 輝煌台 1486 114.1508328 22.2800885 
82 逸瓏灣I第9座 1487 114.2052734 22.4314542 
70 印尼 1488 0 0 
74 新屋家村怡翠山莊 1489 114.163213 22.431787 
87 奧海城二期 1490 114.1619682 22.3172044 
80 皇后大道西323號 1491 114.1418984 22.2870453 
77 俊榮里 1492 114.1529807 22.2820367 
74 澳門 1493 113.543873 22.198745 
83 瑧蓺 1494 114.1418611 22.2874224 
87 K11人文購物藝術館 1495 114.1738599 22.2977217 
87 東環第2A座 1496 113.9501628 22.296005 
91 鹿茵山莊9座 1497 114.196819 22.429243 
32 法國 1498 0 0 
82 曼克頓花園 1499 114.2174172 22.2287786 
88 囍匯 1500 114.1720515 22.275003 
91 樂陶苑D座 1501 114.186649 22.271811 
87 美國 1502 0 0 
89 宏基國際賓館 1503 114.153343 22.278663 
46 英國 1504 0 0 
87 百輝大廈 1505 114.1606097 22.2746916 
87 麗怡苑 1506 114.2260935 22.277798 
91 海怡半島17座美暉閣 1507 114.1475257 22.2429446 
69 冰島 1508 0 0 
88 麗港城4座 1509 114.2275099 22.3072773 
91 景雅花園 1510 114.1462321 22.2826571 
88 英國 1511 0 0 
91 觀塘帝盛酒店 1512 114.2242966 22.3080189 
58 英國 1513 0 0 
87 海翩匯6座 1514 114.2628289 22.3032562 
87 K11Musea 1515 114.1741227 22.294059 
82 歐美廣場 1516 114.1693878 22.3151119 
87 荃灣中心天津樓 1517 114.1080067 22.3781462 
46 阿拉伯聯合酋長國 1518 0 0 
77 蘇屋邨壽菊樓 1519 114.1565689 22.3410352 
84 南豐紗廠 1520 114.1101695 22.3750707 
84 棉登徑8號 1521 114.1741949 22.2967282 
83 耀邦大廈 1522 114.1741021 22.3014078 
82 馬來街6-8號 1523 114.183201 22.307629 
81 國際廣場 1524 114.1718959 22.297025 
78 中海日升中心 1525 114.2227712 22.3110093 
84 觀塘大廈 1526 114.2281368 22.3122558 
87 福明大廈B座 1527 114.1659036 22.3222067 
90 寶能閣一期 1528 114.1818192 22.3420793 
85 海景樓 1529 114.2117901 22.2846755 
87 嘉和苑 1530 114.141287 22.283135 
89 雅典居7座 1531 114.2372387 22.4263962 
82 澤豐花園澤安樓 1532 113.9752531 22.4028215 
79 澤豐花園澤安樓 1533 113.9752531 22.4028215 
89 帝樂文娜公館 1534 114.1738889 22.3008333 
81 太平山街6號 1535 114.1487543 22.2842417 
90 石排灣邨碧山樓 1536 114.1580088 22.2498119 
91 富山苑 1537 114.1360973 22.2844009 
89 泓景臺6座 1538 114.1480924 22.3343704 
78 新田圍邨豐圍樓 1539 114.1865722 22.3703919 
75 美國 1540 0 0 
91 中區政府碼頭 1541 114.1556865 22.2885468 
84 城市中心商場 1542 114.1947477 22.2910053 
82 豪景閣 1543 114.1522726 22.279208 
81 永興樓 1544 114.1357141 22.2857584 
83 城市花園1座 1545 114.1950712 22.2912359 
89 協和大廈 1546 114.2262045 22.3165064 
87 港威大廈1座 1547 114.1678207 22.2995928 
84 淘大花園2期 1548 114.2162183 22.3239755 
84 淘大商場1期 1549 114.2163021 22.3244614 
82 海濱南岸會所 1550 114.1863889 22.3033333 
81 屯門市廣場1期 1551 113.977486 22.393264 
80 北角海逸酒店 1552 114.2086327 22.2915502 
85 安達邨賢達樓 1553 114.2356598 22.3211777 
91 環匯廣場 1554 114.16335 22.248667 
88 業勤街23號F45 1555 114.1642946 22.2489974 
89 貝沙灣南灣四期1座 1556 114.132846 22.2530499 
61 加拿大 1557 0 0 
72 逸瓏灣二期10座 1558 114.2052734 22.4314542 
58 智利、阿根廷及巴西 1559 0 0 
86 瀚然 1560 114.1500896 22.2822112 
92 香港瑞思酒店 1561 114.1476247 22.2499239 
86 嘉亨灣1座 1562 114.2241431 22.2849924 
51 英國 1563 0 0 
88 清水灣半島7座 1564 114.2667721 22.3066674 
92 清水灣半島7座 1565 114.2667721 22.3066674 
92 雅景臺3座 1566 114.2327807 22.4210895 
55 石排灣邨碧銀樓 1567 114.1573585 22.2495653 
73 香港瑞思酒店 1568 114.1476247 22.2499239 
57 法國 1569 0 0 
79 廈村市 1570 113.992536 22.447002 
92 ParkYohoGenova30A座 1571 114.0549313 22.4511553 
91 泓景臺6座 1572 114.1480924 22.3343704 
88 美國 1573 0 0 
84 香港華麗酒店 1574 114.1746718 22.3029965 
92 逸東(二）邨悅逸樓 1575 113.934844 22.282685 
92 藍塘道12-22號友誼大廈 1576 114.1854111 22.2697408 
91 柏匯 1577 114.2209921 22.2815125 
77 殷樺花園第1期 1578 114.1483479 22.2815041 
41 印尼及英國 1579 0 0 
70 恒龍閣 1580 114.1533994 22.2803176 
50 加拿大、杜拜及美國 1581 0 0 
92 譽皇居 1582 114.1530855 22.2734336 
87 長宏邨宏毅樓 1583 114.0962312 22.3566879 
90 愉富大廈A座 1584 114.193771 22.273643 
88 東涌健康中心 1585 113.9431812 22.2885441 
84 東環2B座 1586 113.9501628 22.296005 
77 印尼 1587 0 0 
90 英國 1588 0 0 
80 嘉樂閣 1589 114.1857845 22.3260437 
82 麗港城 1590 114.2279046 22.30606 
86 差館里35號 1591 114.185772 22.307796 
89 東環1A座 1592 0 0 
89 利群商場 1593 114.1528727 22.248537 
87 渣華道333號22樓 1594 114.208398 22.29229 
85 北角政府合署 1595 114.2084053 22.2922788 
87 海怡半島美華閣 1596 114.1481853 22.2419591 
55 法國 1597 0 0 
76 藍天海岸3期影岸紅A座 1598 113.9447943 22.291292 
89 東寶大廈 1599 114.2018517 22.2917357 
89 筲箕灣東大街10號 1600 114.230422 22.280689 
92 東旭苑東曉閣 1601 114.226879 22.282524 
89 美國 1602 0 0 
88 帝后華庭2座 1603 114.1469545 22.2867814 
89 荃灣中心天津樓 1604 114.1080067 22.3781462 
91 逸東商場 1605 113.9348144 22.281675 
90 國泰城 1606 113.9341451 22.2982149 
89 逸泰居 1607 113.9338643 22.2972929 
83 厚德邨德富樓 1608 114.264277 22.31927 
88 恆安大廈 1609 114.1795825 22.2781791 
83 安強大樓 1610 114.1965806 22.3342193 
87 TheOne 1611 114.172581 22.2998055 
87 美麗華廣場2期 1612 114.1724411 22.3009751 
87 金寶閣 1613 114.1304886 22.2832875 
87 宜春街67號 1614 114.2720656 22.3805143 
84 北京道一號 1615 114.1700381 22.296097 
89 豪華閣 1616 114.1398944 22.3678649 
90 東禧閣 1617 114.1859452 22.3068648 
85 豐樂大廈 1618 114.1749148 22.3026966 
87 秀茂坪邨秀緻樓 1619 114.2344524 22.3176206 
91 昌業大廈 1620 114.1792023 22.2784863 
91 益誠大廈 1621 114.1759179 22.2783077 
74 英國、西班牙、芬蘭及泰國 1622 0 0 
87 雍景園 1623 113.9826079 22.4231643 
88 蝴蝶邨蝶心樓 1624 113.9630792 22.3743493 
86 加拿大及英國 1625 114.1693611 22.3193039 
89 愉景灣碧濤海馬徑10號 1626 114.014899 22.296758 
83 雅致洋房5座 1627 114.140256 22.254964 
90 香港浸信會醫院 1628 114.1801578 22.3395004 
66 歐洲 1629 0 0 
83 海濱花園海觀閣 1630 114.1123615 22.3610945 
77 美國 1631 0 0 
85 跑馬地成和道68號VHappyValley 1632 114.1874198 22.2667325 
89 Oliv 1633 114.1823633 22.2779303 
88 霎東街15號 1634 114.1821968 22.2778545 
88 百達中心 1635 114.1819388 22.2806728 
87 友邦九龍金融中心 1636 114.1995849 22.3346289 
86 明珠廣場 1637 114.171362 22.304456 
85 上海街22號 1638 114.1692796 22.3036509 
85 樂輝商業大廈 1639 114.1714083 22.2977777 
86 萬義大廈 1640 114.1958164 22.3356299 
87 譽港灣8座 1641 114.205928 22.331369 
93 擎天半島1座 1642 114.1615387 22.3068099 
85 逸瓏海滙3座 1643 114.2657674 22.3780499 
93 曼克頓花園C座 1644 114.2174172 22.2287786 
90 石水渠街64號 1645 114.174181 22.274132 
90 利東街 1646 114.1723395 22.275594 
61 奧地利、西班牙及英國 1647 0 0 
93 紅磡海韻軒1座 1648 114.1847609 22.3024523 
68 瑞士 1649 0 0 
84 普益里10號 1650 114.1655411 22.4498708 
91 御金國峰3座 1651 114.166145 22.309285 
92 蠔涌新村 1652 114.2470233 22.3558979 
90 樂山 1653 0 0 
73 美國 1654 0 0 
93 香港海洋公園萬豪酒店 1655 114.1754603 22.2477754 
103 美國 1656 0 0 
91 華貴邨華善樓 1657 114.139128 22.2504021 
93 錦繡花園 1658 114.0443408 22.4780591 
93 名城第三期一座 1659 114.176375 22.370148 
69 藍澄灣1座 1660 114.1096204 22.3422999 
93 綠楊新邨B座 1661 114.1201768 22.3741788 
89 旺角帝盛酒店 1662 114.162103 22.321273 
91 黃埔花園銀竹苑第9座 1663 114.191194 22.306041 
89 英國 1664 0 0 
93 OneLasalle 1665 114.181717 22.328079 
89 啟德一號一座 1666 114.2004158 22.3290681 
93 新威園B座 1667 114.2116043 22.285751 
93 半山壹號37座 1668 114.186131 22.3194779 
90 樂年花園5座 1669 114.161589 22.335521 
91 旭逸居2座 1670 114.213417 22.223954 
55 瑞典 1671 0 0 
93 粉嶺名都5座 1672 114.1399223 22.4920355 
46 加拿大 1673 0 0 
89 太古城綠楊閣 1674 114.214991 22.2876359 
89 金寶閣 1675 114.1304886 22.2832875 
88 朗豪坊辦公大樓 1676 114.1685471 22.318539 
90 興華(二)邨和興樓 1677 114.2330593 22.2630132 
91 明豐大廈 1678 114.1761456 22.2769765 
90 萬寶大廈 1679 113.9797833 22.3893456 
88 慈華大廈 1680 114.2021304 22.3465288 
85 金朝陽中心 1681 114.1823459 22.2789427 
85 井欄樹村 1682 114.238192 22.333647 
89 富山苑 1683 114.1360973 22.2844009 
92 養和醫院 1684 114.182962 22.269562 
92 仁安醫院 1685 114.1751722 22.3602972 
92 香港萬怡酒店 1686 114.1388493 22.2879472 
84 荃灣帝盛酒店 1687 114.1294527 22.3706522 
92 華蘭中心4樓F45 1688 114.2133691 22.2867801 
91 駱克道292號 1689 114.1773383 22.2785114 
84 葵康苑葵逸閣 1690 114.1304421 22.3637081 
91 英國 1691 0 0 
79 巴西及英國 1692 0 0 
94 會景閣 1693 114.1720816 22.2807473 
85 愉富大廈A座 1694 114.193771 22.273643 
87 希慎廣場 1695 114.1838445 22.2797035 
81 得利樓 1696 114.211883 22.2854455 
88 景香樓 1697 114.1922467 22.2821014 
64 美國 1698 0 0 
83 羲皇台8座 1699 114.1309995 22.2827711 
94 錦繡花園I段第五街 1700 114.0433529 22.4785597 
28 英國 1701 0 0 
91 華荔邨賞荔樓 1702 114.137572 22.3422418 
90 水泉澳邨明泉樓 1703 114.1985079 22.3742152 
91 太子大厦 1704 114.1592117 22.2811963 
94 花園台1座 1705 114.1545021 22.2762411 
14 英國 1706 0 0 
94 映灣園10座 1707 113.9492322 22.2918302 
94 沙角尾村 1708 114.1950346 22.3787079 
91 長康邨康和樓 1709 114.1047446 22.3496792 
94 康盛花園2座 1710 114.2528415 22.3193309 
94 瀚然 1711 114.1500896 22.2822112 
94 靜安居 1712 114.152679 22.2810735 
78 灣仔帝盛酒店 1713 114.178936 22.274559 
86 嘉隆苑嘉傑閣 1714 114.1380172 22.2496847 
76 香港諾富特世紀酒店 1715 114.176386 22.2788043 
91 南濤閣1座 1716 114.1658813 22.2444541 
60 美國 1717 0 0 
94 怡廬 1718 113.9827632 22.4188122 
94 黃竹山新村柳濤軒 1719 114.2610469 22.3848818 
79 香港諾富特世紀酒店 1720 114.176386 22.2788043 
83 香港華美達海景酒店 1721 114.1435356 22.2869928 
92 菲律賓 1722 0 0 
94 重慶大廈A座 1723 114.172823 22.2963533 
89 景山閣 1724 114.1724068 22.3292506 
94 景山閣 1725 114.1724068 22.3292506 
72 德國 1726 0 0 
81 峻弦五座 1727 114.2138749 22.3390852 
92 美國 1728 0 0 
92 蘭桂坊酒店 1729 114.153118 22.28429 
86 南豐中心 1730 114.1163447 22.3738014 
86 荃灣港安醫院 1731 114.1041048 22.3764929 
86 豪景花園二座 1732 114.0438298 22.3617821 
50 法國及瑞士 1733 0 0 
84 陽明山莊十四座 1734 114.198415 22.2568814 
91 富康花園商場 1735 114.2621497 22.3111113 
88 荷里活廣場 1736 114.2021768 22.340554 
87 寶盈花園7座 1737 114.2621054 22.3063385 
50 加拿大 1738 0 0 
93 山光道7A號Resiglow 1739 114.1850965 22.2676806 
36 愛爾蘭 1740 0 0 
91 恆信大廈 1741 114.1709438 22.2785368 
89 旺角維景酒店 1742 114.1675774 22.323359 
88 勝任商業大廈 1743 114.1743343 22.276913 
85 平田邨平善樓 1744 114.236148 22.307309 
84 法國 1745 0 0 
86 樂輝商業大廈 1746 114.1714083 22.2977777 
93 麗坪路88號雲端 1747 114.2003559 22.4128515 
93 差館里35號 1748 114.185772 22.307796 
81 巴基斯坦 1749 0 0 
91 佐敦道38號 1750 114.1688715 22.3053784 
84 麗港城2座 1751 114.2279278 22.3076035 
95 普頓臺 1752 114.146134 22.28763 
95 葵涌邨秋葵樓 1753 114.130215 22.36807 
82 愉景灣海燕徑 1754 114.0133225 22.2980613 
93 OneHomantin2座 1755 114.1812535 22.3168383 
89 香港華大盛品酒店 1756 114.139121 22.28728 
95 龍濤苑1座 1757 114.192976 22.278646 
92 石硤尾報案中心及西九龍機動部隊行動基地 1758 114.1695968 22.333683 
92 高翔苑高鳳閣 1759 114.240768 22.2963129 
93 祥華商場 1760 114.1411944 22.4930995 
85 軍地簡頭村 1761 114.172884 22.515427 
84 水邊圍邨泉水樓 1762 114.0204145 22.4453068 
87 軒尼詩道163號 1763 114.1737885 22.2778734 
55 芬蘭、瑞典及新加坡 1764 0 0 
89 龍豐花園B座 1765 114.1294667 22.5027962 
95 龍豐花園B座 1766 114.1294667 22.5027962 
90 龍豐花園B座 1767 114.1294667 22.5027962 
93 英國 1768 0 0 
90 豪門 1769 114.1928948 22.3307992 
92 金鐘廊 1770 114.1648208 22.2788106 
95 尚德邨尚仁樓 1771 114.2579494 22.3113757 
94 登龍街1-29號 1772 114.1823459 22.2789427 
93 威靈頓街50號 1773 114.1554078 22.2817015 
92 會展商場 1774 114.1737553 22.2809167 
96 玫瑰別墅 1775 114.1593035 22.272925 
80 美國 1776 0 0 
83 宏基國際賓館 1777 114.153343 22.278663 
85 荃灣帝盛酒店 1778 114.1294527 22.3706522 
92 美城苑暉城閣 1779 114.1755651 22.3797609 
67 墨西哥、美國及英國 1780 0 0 
75 翠谷樓 1781 114.1850396 22.2706713 
96 企嶺下新圍 1782 114.270623 22.414273 
94 荃灣絲麗酒店 1783 114.1389799 22.3691614 
79 加拿大 1784 0 0 
91 兆山苑杏景閣 1785 113.96445 22.3779541 
96 寶德臺 1786 114.1620031 22.2740363 
80 灣仔帝盛酒店 1787 114.178936 22.274559 
72 金堂大廈 1788 114.1681972 22.3127972 
94 天耀商場 1789 114.0028642 22.4514115 
81 嘉湖山莊樂湖居4座 1790 114.0005059 22.4514257 
88 觀港樓 1791 114.0114913 22.2975397 
68 芬蘭及冰島 1792 0 0 
94 麗港城4座 1793 114.2275099 22.3072773 
56 英國 1794 0 0 
70 雲地利道8號TagusResidences 1795 114.1845189 22.2734553 
71 企壁山 1796 114.252029 22.3689985 
58 法國 1797 0 0 
77 藍塘別墅 1798 114.1884067 22.266152 
90 彩德邨彩誠樓 1799 114.213207 22.3305685 
96 滿峯台B座 1800 114.1682965 22.2746373 
91 華美達盛景酒店 1801 114.1974065 22.291011 
62 阿拉伯聯合酋長國 1802 0 0 
93 錦發大廈 1803 113.9784456 22.4030969 
76 都會軒2座 1804 114.1835534 22.3031658 
91 下碧瑤灣33座 1805 114.131869 22.261942 
96 翠湖花園C座 1806 114.2065655 22.3927954 
94 東禧閣 1807 114.1859452 22.3068648 
95 柏寧酒店 1808 114.1864262 22.2811814 
94 英國 1809 0 0 
84 加州花園(1期C）偉仕居紫蘭徑 1810 114.050852 22.488177 
23 英國及美國 1811 0 0 
97 寶德臺 1812 114.1620031 22.2740363 
69 英國 1813 0 0 
91 金城大廈 1814 114.1872456 22.329939 
54 英國 1815 0 0 
97 名城2期1座 1816 114.175093 22.368988 
92 縉城峰2座 1817 114.1426813 22.286407 
94 下山雞乙 1818 114.153328 22.522494 
93 日本 1819 0 0 
97 LexingtonHill 1820 114.1297789 22.2824314 
97 雍景臺 1821 114.149447 22.28148 
81 永富苑 1822 114.1850396 22.2665733 
88 仁壽圍 1823 114.074868 22.500161 
91 富康花園 1824 114.262926 22.310186 
83 寶盈花園7座 1825 114.2621054 22.3063385 
83 樂聲大廈 1826 114.1868144 22.2797597 
83 皇室堡 1827 114.1865602 22.2804505 
97 諾士佛臺9號AllNightLong酒吧 1828 114.1738801 22.301239 
97 新墟村 1829 113.979567 22.400717 
95 巴西、阿根廷、智利、復活島、秘魯 1830 114.1652079 22.278546 
66 秘魯 1831 0 0 
87 愛民邨昭民樓 1832 114.177739 22.31337 
62 尼日利亞 1833 0 0 
90 高翔苑高靜閣 1834 114.2404893 22.2973157 
57 阿根廷及智利 1835 0 0 
94 北帝街123號 1836 114.1891832 22.3230906 
74 弓絃巷40-42號 1837 114.1502938 22.2843943 
98 海怡半島4座 1838 114.1469777 22.2447215 
44 日本 1839 0 0 
95 美麗都大廈福建酒店 1840 114.1726391 22.2972567 
82 美國 1841 0 0 
98 茅莆路 1842 114.2934237 22.3014523 
94 美國 1843 0 0 
83 灣仔帝盛酒店 1844 114.178936 22.274559 
91 瓏璽6B座 1845 114.156186 22.318422 
98 錦田吉慶圍 1846 114.064388 22.4397082 
95 信德中心 1847 114.1517914 22.2879098 
94 告士打道88號 1848 114.1733357 22.2789667 
94 謝斐道110-116號 1849 114.1724997 22.278488 
93 軒尼詩道38-46號 1850 114.170549 22.2774 
93 永安廣場 1851 114.1763546 22.2966713 
92 YorkPlace 1852 114.1703665 22.276828 
90 港威大廈6座 1853 114.1682653 22.2970367 
85 樂聲大廈 1854 114.1868144 22.2797597 
94 湖景花園(洋房區） 1855 114.167634 22.370343 
94 秀茂坪邨秀緻樓 1856 114.2344524 22.3176206 
96 晴朗商場 1857 114.2030178 22.3315451 
96 皇室堡 1858 114.1865602 22.2804505 
86 高登電腦中心 1859 114.1620031 22.3321122 
95 九龍城德朗邨德璋樓 1860 114.2032682 22.3293706 
91 D2Place一期 1861 114.1489362 22.3361373 
91 定豐中心 1862 114.1501593 22.3370751 
91 祥發大廈 1863 114.0283126 22.4440646 
92 天澤邨澤輝樓 1864 113.997886 22.467098 
96 英國 1865 0 0 
94 葵涌邨綠葵樓 1866 114.1283239 22.3681253 
97 益誠樓 1867 114.1759134 22.278321 
93 宏章工業大廈 1868 114.220376 22.310515 
89 華裕閣 1869 114.2455045 22.2652324 
93 廟街109號 1870 114.1702704 22.3081372 
97 錦綉花園C段5街 1871 114.047883 22.474177 
97 香港港安醫院–司徒拔道 1872 114.184068 22.263277 
93 白建時道 1873 114.1927336 22.2697237 
57 美國及英國 1874 0 0 
71 舂坎角道 1875 114.205055 22.216216 
96 川龍村57-58號 1876 114.1082183 22.3945752 
96 銀行中心廣場 1877 114.1699725 22.3182747 
96 新城市廣場 1878 114.1886372 22.3817578 
96 新世紀廣場 1879 114.1723194 22.3231937 
67 冰島及英國 1880 0 0 
95 顯徑邨顯貴樓 1881 114.171385 22.3609768 
61 日本 1882 0 0 
92 嘉薈軒 1883 114.1711296 22.2768072 
96 美國 1884 0 0 
99 德輔道西288號 1885 114.139616 22.287547 
95 英國 1886 0 0 
91 坑口村 1887 114.267194 22.321578 
94 荷蘭及法國 1888 0 0 
99 早禾居 1889 114.293148 22.392473 
95 豪景花園2座 1890 114.0438298 22.3617821 
99 富泰村健泰樓 1891 113.9855681 22.4129011 
97 石湖墟市政大廈 1892 114.130402 22.502011 
97 海聯廣場地下56A號舖必勝客 1893 114.1416152 22.5002057 
97 彩園邨彩珠樓地下113及114號舖薄餅博士 1894 114.125767 22.5009566 
94 海禧華庭2座 1895 114.1287468 22.5049816 
94 香港貨運航空RH9490 1896 113.9184808 22.308047 
88 土耳其及哈薩克 1897 0 0 
90 藍天海岸6座 1898 113.945329 22.2911291 
79 美國 1899 0 0 
93 明珠台D座 1900 114.150229 22.2781778 
96 馬來西亞 1901 0 0 
99 柏寧酒店 1902 114.1864262 22.2811814 
99 帝國酒店 1903 114.1725361 22.2962225 
99 恆豐酒店 1904 114.1719858 22.3040416 
99 最佳盛品酒店尖沙咀 1905 114.175856 22.300236 
96 瑞典及芬蘭 1906 0 0 
92 蕃田村 1907 114.0748565 22.4981707 
59 英國 1908 0 0 
99 縉城峰2座 1909 114.1426813 22.286407 
92 環翠邨貴翠樓 1910 114.2385622 22.2624715 
92 新翠花園6座 1911 114.237294 22.264079 
98 新東海商業中心 1912 114.1791929 22.3013522 
98 又一城 1913 114.1745657 22.3373517 
83 德國 1914 0 0 
99 福順街大井圍村 1915 114.0210371 22.4633673 
87 加拿大 1916 0 0 
95 海景花園8座 1917 113.9842903 22.3777723 
94 永恒商業大廈 1918 114.1546414 22.2836316 
90 恒生銀行總行大廈 1919 114.1562433 22.2846139 
90 招商永隆銀行大廈 1920 114.1569206 22.2833009 
90 華裕閣 1921 114.2455045 22.2652324 
97 漁灣街市 1922 114.2402785 22.2651717 
97 漁灣邨行政大樓 1923 114.2413252 22.2651078 
96 柴灣市政大廈柴灣街市 1924 114.239849 22.26335 
86 益高工業大廈 1925 114.2437235 22.2674966 
98 華裕閣 1926 114.2455045 22.2652324 
90 荃灣絲麗酒店 1927 114.1389799 22.3691614 
97 大本型 1928 114.23866 22.2964354 
94 油塘工業城B1座 1929 114.2350808 22.2953709 
94 基督教協進大廈 1930 114.1741905 22.3001379 
93 李寶椿大廈 1931 114.153945 22.2862661 
92 寶勒巷26‐36號華寶大廈 1932 114.1752481 22.2988492 
99 太古城金殿台漢宮閣 1933 114.2152267 22.286487 
85 華美達盛景酒店 1934 114.1974065 22.291011 
36 美國 1935 0 0 
89 新德園 1936 114.1806966 22.3347764 
19 英國及瑞士 1937 0 0 
74 閣麟街45‐47號祥暉大廈 1938 114.153756 22.282402 
70 瓏璽6B座 1939 114.156186 22.318422 
98 英國 1940 0 0 
94 利園一期 1941 114.184819 22.278455 
95 文咸東街127號萬和閣 1942 114.150496 22.286307 
80 滙景花園2座 1943 114.2333611 22.3080523 
96 荃灣帝盛酒店 1944 114.1294527 22.3706522 
97 文咸東街121號 1945 114.1505832 22.2862175 
58 英國、法國及荷蘭 1946 0 0 
100 愉景灣朝暉徑 1947 114.0145366 22.3017937 
99 赫德道8號 1948 114.1747291 22.2981918 
98 皇后大道中176號 1949 114.1533388 22.2846953 
98 中保集團大廈 1950 114.1551537 22.2855404 
98 皇后大道中9號 1951 114.158365 22.280452 
97 英皇集團中心 1952 114.176885 22.2776274 
94 利園二期 1953 114.1855497 22.2786549 
87 漆咸道南83-85號金德大廈 1954 114.1761224 22.3011112 
81 皇后大道中273-277號禧利大廈 1955 114.1509489 22.2847576 
99 寶其利街73號東禧閣 1956 114.1859452 22.3068648 
101 龍成堡 1957 114.1693275 22.4346934 
100 +WOO嘉湖 1958 114.0037781 22.4572699 
91 盈健醫務中心(元朗) 1959 114.03554 22.446152 
88 十八鄉東頭村 1960 114.035006 22.447851 
73 荷蘭及法國 1961 0 0 
77 珀麗灣30座 1962 114.0605543 22.3542699 
97 萬邦行 1963 114.1566154 22.2823835 
97 八達工業大廈 1964 114.1984598 22.3369701 
97 置地文華東方酒店 1965 114.157939 22.280518 
15 德國和英國 1966 0 0 
101 蘭心閣 1967 114.1542676 22.2730682 
101 VWanchai 1968 114.1750075 22.2787465 
99 英國 1969 0 0 
99 環球大廈 1970 114.1576903 22.2824934 
77 菲律賓 1971 0 0 
101 滌濤山 1972 114.1850844 22.4354135 
97 英國 1973 0 0 
99 駿景園6座 1974 114.2021536 22.3998145 
64 加拿大 1975 0 0 
90 秀茂坪邨秀程樓 1976 114.2338023 22.319118 
79 愉景灣倚濤軒 1977 114.0241495 22.2966797 
86 君匯港1座 1978 114.1590306 22.3214189 
99 宏基國際賓館 1979 114.153343 22.278663 
36 印尼 1980 0 0 
93 雲疊花園2座 1981 114.1766743 22.3685634 
53 加拿大及美國 1982 0 0 
101 太子道西226號皇子大廈 1983 114.1742875 22.325353 
100 君珀 1984 114.156824 22.276352 
92 香港基督教青年會 1985 114.1710035 22.295347 
32 英國 1986 0 0 
88 花園台3座 1987 114.1541769 22.2756382 
100 英國 1988 0 0 
99 百宜樓 1989 114.0276854 22.4431815 
99 安寧大廈 1990 114.1607955 22.3347442 
98 嘉湖新北江商場 1991 114.0004029 22.4522537 
98 田心村 1992 114.178626 22.369766 
91 麗坪路88號雲端 1993 114.2003559 22.4128515 
85 十八鄉東頭村 1994 114.035006 22.447851 
82 秘魯 1995 0 0 
45 日本 1996 0 0 
102 香港萬怡酒店 1997 114.1388493 22.2879472 
100 日本 1998 0 0 
91 碧雲樓 1999 114.1596112 22.2750885 
103 松苑1座 2000 113.982578 22.378337 
100 美國 2001 0 0 
92 新田仁壽圍 2002 114.074868 22.500161 
111 大窩口第二商場 2003 114.1230799 22.366591 
111 荃薈 2004 114.122176 22.368519 
108 愉翠商場 2005 114.2051279 22.3821357 
99 大窩口邨富泰樓 2006 114.1226154 22.3659664 
99 海景花園8座 2007 113.9842903 22.3777723 
95 美國及英國 2008 0 0 
65 珊瑚公主號 2009 0 0 
89 雲疊花園2座 2010 114.1766743 22.3685634 
104 花園台3座 2011 114.1541769 22.2756382 
102 英國 2012 0 0 
103 黃金海岸鄉村俱樂部遊艇會 2013 113.99356 22.370101 
103 養和醫院 2014 114.182962 22.269562 
105 星堤11座 2015 113.9990656 22.3751956 
104 英國 2016 0 0 
101 摩洛哥 2017 0 0 
106 荃灣絲麗酒店 2018 114.1389799 22.3691614 
106 太極軒138 2019 114.1738492 22.2764584 
103 荷蘭 2020 0 0 
104 維景酒店 2021 114.1675774 22.323359 
104 保安道2號樂年花園第二座 2022 114.1610629 22.3362789 
106 英國 2023 0 0 
105 太古城中心 2024 114.217477 22.286721 
102 康怡廣場(南） 2025 114.2162753 22.2848188 
102 希雲街16號 2026 114.1867344 22.2780013 
95 香港遨舍衞蘭軒 2027 114.168956 22.2774932 
102 康怡花園F1座 2028 114.2152351 22.2834179 
102 小欖翠景花園 2029 114.004143 22.36512 
42 英國 2030 0 0 
108 菲律賓 2031 0 0 
109 海堤灣畔1座 2032 113.9415186 22.292596 
110 寶石戲院大廈A座 2033 114.185759 22.306091 
107 英國 2034 0 0 
97 裕東苑賀東閣 2035 113.9430056 22.2863401 
110 美國 2036 0 0 
110 英國 2037 0 0 
57 英國 2038 0 0 
111 英國 2039 0 0 
113 聯安街9號聯發大廈 2040 114.1437264 22.4993597 
73 瑞士及法國 2041 0 0 
76 四方街3號 2042 114.1498281 22.2842389 
112 文華東方酒店 2043 114.1593819 22.2818572 
112 theL.place 2044 0 0 
100 萬邦行 2045 114.1566154 22.2823835 
98 香港會所大廈 2046 114.1611524 22.2815197 
68 英國及美國 2047 0 0 
86 藍塘道5-7號TheEllipsis 2048 114.1855772 22.2700478 
115 英國 2049 0 0 
116 海逸豪園17座 2050 114.1926942 22.3075221 
92 駿洋邨 2051 114.189835 22.399138 
121 巴基斯坦 2052 0 0 
63 巴基斯坦 2053 0 0 
45 巴基斯坦 2054 0 0 
34 巴基斯坦 2055 0 0 
66 巴基斯坦 2056 0 0 
102 巴基斯坦 2057 0 0 
100 巴基斯坦 2058 0 0 
68 巴基斯坦 2059 0 0 
103 梨木樹邨5座 2060 114.1357478 22.3790547 
99 荃灣街市街10號卓明樓 2061 114.1166017 22.3720086 
99 新村街9號 2062 114.1923464 22.2781438 
99 鱟地坊 2063 114.1158852 22.3712619 
99 川龍街32-34號 2064 114.1164143 22.37137 
103 荃灣街市街10號卓明樓 2065 114.1166017 22.3720086 
101 奧海城二期金滿庭京川滬菜館 2066 114.161662 22.316107 
100 沙咀道289號恆生荃灣大廈13樓日朗坊 2067 114.1175283 22.3693827 
100 富榮花園8座 2068 114.1645808 22.31468 
72 巴基斯坦 2069 0 0 
102 荃灣街市街10號卓明樓 2070 114.1166017 22.3720086 
100 萬年大廈 2071 114.1561509 22.2820206 
98 長沙下村35號 2072 113.9548456 22.234718 
97 元創方 2073 114.1515992 22.2833472 
63 美國、英國及法國 2074 0 0 
76 水藍‧天岸5座 2075 113.9446087 22.2930966 
108 駿洋邨 2076 114.189835 22.399138 
95 巴基斯坦 2077 0 0 
29 巴基斯坦 2078 0 0 
79 巴基斯坦 2079 0 0 
37 巴基斯坦 2080 0 0 
64 巴基斯坦 2081 0 0 
67 巴基斯坦 2082 0 0 
112 英國 2083 0 0 
111 海麗邨海瑞樓 2084 114.147326 22.3317223 
90 荷蘭 2085 0 0 
118 富豪東方酒店 2086 114.1930472 22.329917 
98 美國 2087 0 0 
119 巴基斯坦 2088 0 0 
19 巴基斯坦 2089 0 0 
11 巴基斯坦 2090 0 0 
58 巴基斯坦 2091 0 0 
121 瀝源邨祿泉樓 2092 114.1921918 22.386374 
114 嘉里溫控貨倉1 2093 114.1290821 22.3691721 
122 瀝源邨祿泉樓 2094 114.1921918 22.386374 
121 瀝源廣場 2095 114.1917719 22.3843959 
120 禾輋街市 2096 114.1945184 22.3879871 
121 嘉里溫控貨倉1 2097 114.1290821 22.3691721 
120 葵盛東商場 2098 114.1270882 22.36409 
118 葵聯邨聯悅樓 2099 114.1265404 22.3621863 
120 嘉里溫控貨倉1 2100 114.1290821 22.3691721 
118 葵盛東商場 2101 114.1270882 22.36409 
116 葵聯邨聯悅樓 2102 114.1265404 22.3621863 
122 顯田村 2103 114.1725093 22.3628733 
121 又一城牛角 2104 114.1739136 22.3375703 
121 瀝源邨福海樓 2105 114.1917274 22.385314 
92 瀝源邨祿泉樓 2106 114.1921918 22.386374 
92 瀝源廣場 2107 114.1917719 22.3843959 
92 禾輋廣場 2108 114.1952336 22.3879318 
92 好運中心 2109 114.1912127 22.3826222 
92 沙田街市 2110 114.1899643 22.3839245 
122 希爾頓中心 2111 114.1868134 22.3793495 
117 偉華中心 2112 114.1870754 22.380871 
117 沙田廣場 2113 114.1893997 22.3831876 
94 孟加拉 2114 0 0 
95 瀝源邨祿泉樓 2115 114.1921918 22.386374 
95 印度 2116 0 0 
97 菲律賓 2117 0 0 
61 巴基斯坦 2118 0 0 
122 瀝源廣場 2119 114.1917719 22.3843959 
33 俄羅斯 2120 0 0 
106 愉景灣畔峰觀柏樓 2121 114.0111456 22.2969809 
107 菲律賓 2122 0 0 
38 巴基斯坦 2123 0 0 
107 巴基斯坦 2124 0 0 
40 巴基斯坦 2125 0 0 
42 巴基斯坦 2126 0 0 
65 印度 2127 0 0 
109 印度 2128 0 0 
110 菲律賓 2129 0 0 
109 巴西 2130 0 0 
75 印度 2131 0 0 
119 印尼 2132 0 0 
26 巴基斯坦 2133 0 0 
111 巴基斯坦 2134 0 0 
65 巴基斯坦 2135 0 0 
33 巴基斯坦 2136 0 0 
74 菲律賓 2137 0 0 
113 軒尼詩道229號怡明閣 2138 114.175774 22.278125 
78 巴基斯坦 2139 0 0 
57 巴基斯坦 2140 0 0 
55 巴基斯坦 2141 0 0 
44 巴基斯坦 2142 0 0 
74 巴基斯坦 2143 0 0 
53 巴基斯坦 2144 0 0 
112 巴基斯坦 2145 0 0 
15 巴基斯坦 2146 0 0 
110 巴基斯坦 2147 0 0 
39 巴基斯坦 2148 0 0 
73 巴基斯坦 2149 0 0 
31 巴基斯坦 2150 0 0 
48 巴基斯坦 2151 0 0 
60 巴基斯坦 2152 0 0 
68 菲律賓 2153 0 0 
114 菲律賓 2154 0 0 
43 巴基斯坦 2155 0 0 
52 巴基斯坦 2156 0 0 
52 印度 2157 0 0 
83 巴基斯坦 2158 0 0 
110 毛里塔尼亞 2159 0 0 
50 巴基斯坦 2160 0 0 
116 樂芬大廈 2161 114.1737073 22.3013174 
121 美田邨美秀樓 2162 114.1709206 22.3757863 
120 美田邨美秀樓 2163 114.1709206 22.3757863 
116 美田邨購物商場 2164 114.1706762 22.3762722 
115 大圍街市 2165 114.177072 22.373802 
115 西九龍中心KFC 2166 114.1599197 22.3310337 
117 美田邨美秀樓 2167 114.1709206 22.3757863 
95 銅鑼灣利景酒店 2168 114.179136 22.277706 
92 CM+壹棠酒店及服務式公寓 2169 114.1496669 22.287686 
116 昇薈10座 2170 113.9500686 22.2951047 
95 漾日居2座 2171 114.1629553 22.3044285 
95 鴻裕大廈B座 2172 114.160243 22.335342 
95 榮光街86號 2173 114.189592 22.3136857 
95 欽州街60號 2174 114.160464 22.330852 
94 青山道261號吳毓輝醫生診所 2175 114.1574572 22.3374381 
116 保安道街市 2176 114.157528 22.338909 
116 順寧道283號順寧苑 2177 114.1577301 22.3379308 
95 坪石邨玉石樓 2178 114.2094681 22.3335127 
92 坪石邨玉石樓彬記粥麵美食 2179 114.2094437 22.3334435 
121 香港內河碼頭建榮飯堂 2180 113.9683999 22.3965015 
116 屯門時代廣場好日子 2181 113.9755678 22.3930319 
94 GrandAustin2座 2182 0 0 
97 御林皇府 2183 114.1105347 22.499752 
95 坪石邨玉石樓彬記粥麵美食 2184 114.2094437 22.3334435 
121 新填地街13號 2185 114.1690067 22.3067523 
117 新光商業大廈 2186 114.1708611 22.3106389 
95 福祥樓 2187 114.1606097 22.3201236 
96 文英街26-28號新發茶餐廳 2188 114.166172 22.307341 
120 李鄭屋商場 2189 114.1584732 22.3385113 
117 安達商場北翼 2190 114.2344887 22.3203599 
116 安達邨禮達樓 2191 114.2350097 22.3205832 
92 彩雲商場 2192 114.2147761 22.3337874 
120 彩輝邨彩華樓 2193 114.218095 22.3357092 
95 馬鞍山廣場 2194 114.2313545 22.4254804 
94 香港迪士尼樂園酒店 2195 114.043959 22.308353 
93 九龍醫院醫管局資訊大樓 2196 114.181339 22.3236779 
117 新城市廣場 2197 114.1886372 22.3817578 
95 禾輋邨德和樓 2198 114.19463 22.387405 
97 京瑞廣場1期豐鍋雞煲 2199 114.2081161 22.3885302 
96 瀝源商場 2200 114.1917719 22.3843959 
94 禾輋邨美和樓 2201 114.1966038 22.3900787 
97 水泉澳廣場太子燒味 2202 114.1971329 22.374114 
97 水泉澳廣場 2203 114.1969189 22.3734431 
96 大圍道13號美源餐廳 2204 114.176962 22.37592 
98 水泉澳邨明泉樓 2205 114.1985079 22.3742152 
97 中華基督教會扶輪中學 2206 114.1887172 22.3419882 
95 彩雲商場 2207 114.2147761 22.3337874 
95 彩輝邨彩華樓 2208 114.218095 22.3357092 
97 啟豐商場 2209 113.96431 22.372914 
93 丹拿花園第3座 2210 114.2021169 22.2901183 
93 通菜街113-115號 2211 114.170239 22.320161 
93 家居庭(第12期)黃埔天地 2212 114.1911022 22.3058908 
93 港運城 2213 114.202643 22.290972 
119 黃埔花園第11期聚寶坊 2214 114.190308 22.306068 
118 聯合道38號 2215 114.187171 22.328502 
95 兆隆苑 2216 113.9644732 22.4080021 
95 朗豪坊 2217 114.1686502 22.3181798 
98 橡樹街39A號櫻桃大廈 2218 114.163679 22.319174 
97 港泰護老中心 2219 114.2012316 22.3465597 
98 荃灣帝盛酒店 2220 114.1294527 22.3706522 
94 文英街26-28號新發茶餐廳 2221 114.166172 22.307341 
95 竹園南邨麗園樓 2222 114.194352 22.344904 
97 華蘭中心 2223 114.2133691 22.2867801 
96 旺角城大廈 2224 114.1708234 22.3246865 
94 華蘭路12A-12H號男女煮角 2225 114.212776 22.2855917 
98 龍池徑60號A新志興至尊燒鵝大王 2226 114.2088675 22.335449 
96 彩雲邨彩雲商場 2227 114.2147761 22.3337874 
96 彩雲邨彩雲商場麥當勞 2228 114.2148117 22.3330896 
95 旺角道30-36號麥當勞 2229 114.1703633 22.3212893 
96 坪石邨玉石樓 2230 114.2094681 22.3335127 
97 慈正邨正遠樓 2231 114.203988 22.3498096 
98 港泰護老中心 2232 114.2012316 22.3465597 
99 慈華里5號 2233 114.2016111 22.347042 
99 萬年戲院大廈 2234 114.2023161 22.3470226 
98 高美樓A座 2235 114.2027922 22.3465005 
97 貿易廣場 2236 114.15388 22.336897 
97 都會海逸酒店 2237 114.1832283 22.3013425 
96 香港萬麗海景酒店 2238 114.173782 22.281513 
96 荃灣廣場牛涮鍋 2239 114.1115708 22.3710304 
95 拔萃男書院附屬小學 2240 114.1731879 22.321298 
95 ‎恆豐中心大食代 2241 114.1719376 22.3043193 
95 麗城薈三期皇庭匯 2242 114.1008738 22.3712241 
97 灣景花園1座 2243 114.098577 22.3689456 
97 海富苑海韻閣 2244 114.1647898 22.3168488 
98 旺角中心第1座 2245 114.1697195 22.3198395 
93 鳳德邨碧鳳樓 2246 114.2012015 22.344932 
92 文蔚街17-19號慶豐燒鵝餐廳小廚 2247 114.1666134 22.3077416 
94 葵盛西村10座 2248 114.1228012 22.3600062 
96 利舞臺廣場玉桃軒 2249 114.1832289 22.2782909 
95 銅鑼灣廣場極尚大喜屋日本料理 2250 114.1827227 22.2802575 
95 海港城ShakeShack 2251 114.1671858 22.2948215 
95 盧押道5號Feather&Bone 2252 114.171385 22.2769196 
94 東美商業中心 2253 114.1693315 22.2763881 
94 希慎廣場一風堂 2254 114.1837883 22.2798078 
92 勝華樓凡高廚房 2255 114.1819036 22.2798514 
94 禮頓山第三座 2256 114.183745 22.275536 
99 悅來酒店 2257 114.120796 22.368988 
97 彩福邨彩歡樓 2258 114.2177344 22.3271501 
96 文德樓 2259 114.2091198 22.3343306 
95 清水灣道8號匯八坊商場 2260 114.2097406 22.3340389 
94 彩輝邨彩華樓 2261 114.218095 22.3357092 
98 葵芳邨葵喜樓 2262 114.1283752 22.3593896 
97 香港銅鑼灣皇冠假日酒店 2263 114.1826942 22.2769914 
100 香港銅鑼灣皇冠假日酒店 2264 114.1826942 22.2769914 
98 定富街4-24號豬嘜車仔麵 2265 114.1627501 22.3317437 
97 順安邨安頌樓 2266 114.2263721 22.3292713 
98 聖母書院 2267 114.1967986 22.3450132 
97 鳳德邨碧鳳樓 2268 114.2012015 22.344932 
98 新興鋼具商業大廈旺角鵝皇館 2269 114.1656521 22.3200423 
96 觀塘廣場龍寶酒家 2270 114.1595095 22.3353935 
98 鳳德邨碧鳳樓 2271 114.2012015 22.344932 
100 青衣城2小食快綫 2272 114.1069158 22.3602727 
100 藍天海岸影岸.紅A座 2273 113.9449805 22.2912052 
100 港泰護老中心 2274 114.2012316 22.3465597 
99 港泰護老中心 2275 114.2012316 22.3465597 
97 彩明商場茶魚飯后 2276 114.2524189 22.3069251 
96 都會駅唐記包點 2277 114.2587708 22.3111639 
96 文蔚街24號新華寶城餐廳 2278 114.1665547 22.3079378 
98 善明邨善智樓 2279 114.2501482 22.3037201 
98 慈正邨正暉樓 2280 114.200724 22.350348 
97 利園一期 2281 114.184819 22.278455 
97 毓華里12-14號時代冰室 2282 114.2014496 22.346604 
96 衙前圍道56-58號順興餐廳 2283 114.1906611 22.3289748 
95 黃大仙中心南館金記冰室 2284 114.1939924 22.3412975 
92 嘉達環球中心陶源酒家 2285 114.107411 22.374918 
95 慈正邨正暉樓 2286 114.200724 22.350348 
97 沙田凱悅酒店 2287 114.211047 22.411897 
97 中晶金融中心 2288 114.1762849 22.3013253 
97 毓華里12-14號時代冰室(非住宅) 2289 114.2014496 22.346604 
97 創匯國際中心 2290 114.1495984 22.3396339 
97 慈正邨正暉樓 2291 114.200724 22.350348 
103 彩雲商場 2292 114.2147761 22.3337874 
98 彩雲商場彩龍皇宮大酒樓 2293 114.2144036 22.3339753 
95 彩雲商場彩雲街市 2294 114.215415 22.333536 
98 彩輝邨彩華樓 2295 114.218095 22.3357092 
99 海富苑海韻閣 2296 114.1647898 22.3168488 
97 慈雲山中心百匯軒 2297 114.2002567 22.3485864 
99 慈安苑安康閣 2298 114.2012944 22.3482302 
98 水蕉新村 2299 114.027778 22.425215 
99 先達廣場 2300 114.1706419 22.3198502 
98 北帝街67號 2301 114.1884648 22.3217362 
98 土瓜灣大廈譚仔三哥米線 2302 114.1905826 22.3170905 
96 油塘大本型 2303 114.23866 22.2964354 
96 鯉魚門廣場 2304 114.2375638 22.2940736 
95 鯉魚門市政大廈 2305 114.2387247 22.2921033 
96 立基大廈 2306 114.1897768 22.3209297 
100 優才(楊殷有娣）學校 2307 114.171775 22.31775 
100 牛池灣街市 2308 114.2092082 22.3345252 
97 牛頭角道167號偉景樓 2309 114.216392 22.323516 
97 偉景樓 2310 114.2165276 22.3235924 
96 彩輝邨彩華樓 2311 114.218095 22.3357092 
98 禾輋廣場金百滬 2312 114.194839 22.3883527 
98 瀝源商場富東閣海鮮酒家 2313 114.1920939 22.3848379 
97 馬鞍山新港城中心 2314 114.2314688 22.4241633 
101 沙田禾輋邨美和樓 2315 114.1967199 22.3901257 
101 將軍澳中心(商場) 2316 114.2572529 22.3071208 
99 將軍澳中心(商場) 2317 114.2572529 22.3071208 
98 德望中學 2318 114.2194063 22.3344698 
97 將軍澳中心商場金田家 2319 114.2562253 22.3068774 
98 將軍澳天晉一期 2320 114.2595131 22.3082447 
100 太古城中心 2321 114.217477 22.286721 
98 安達邨孝達樓 2322 114.2361242 22.3210171 
98 東堤灣畔商場元氣壽司 2323 113.940703 22.2883255 
97 水泉澳邨明泉樓 2324 114.1985079 22.3742152 
99 保良局朱正賢小學 2325 114.196034 22.376181 
101 水泉澳邨明泉樓 2326 114.1985079 22.3742152 
99 乙明邨街5號 2327 114.191191 22.3759595 
95 水泉澳廣場太子燒味餐廳 2328 114.1971329 22.374114 
96 水泉澳廣場麥當勞 2329 114.1972657 22.3742977 
100 水泉澳邨明泉樓 2330 114.1985079 22.3742152 
99 新城市中央廣場 2331 114.1877778 22.3852778 
99 水泉澳廣場 2332 114.1969189 22.3734431 
98 新城市中央廣場荳子 2333 114.1880647 22.3856732 
98 黃大仙中心南館ItaMoMoCafe 2334 114.194272 22.3413905 
98 慈雲山中心阮蘭坊 2335 114.2005514 22.3482388 
99 水泉澳邨明泉樓 2336 114.1985079 22.3742152 
99 水泉澳邨街市 2337 114.197176 22.3731757 
97 新港城中心 2338 114.2314688 22.4241633 
96 馬鞍山廣場BeansBeWater 2339 114.2310624 22.4253282 
92 京瑞廣場2期譚仔雲南米線 2340 114.2090556 22.3895793 
98 九龍城浸信會禧年(恩平)小學 2341 114.18206 22.368808 
97 新翠商場PizzaHut 2342 114.1816283 22.3696955 
97 貴池徑2號 2343 114.208233 22.335782 
121 彩輝邨彩華樓 2344 114.218095 22.3357092 
99 彩輝邨彩華樓 2345 114.218095 22.3357092 
99 城市花園城市中心雋妍教育中心(非住宅) 2346 114.194209 22.290297 
94 日出康城,晉海 2347 114.2713255 22.2931637 
99 山景邨景美樓 2348 113.9668894 22.3999416 
101 悅來酒店 2349 114.120796 22.368988 
101 慈安苑安康閣 2350 114.2012944 22.3482302 
100 清水灣道8號大家樂 2351 114.2098396 22.3339771 
100 清水灣道8號匯八坊商場 2352 114.2097406 22.3340389 
95 柯士甸大廈 2353 114.1751006 22.3022313 
95 港景匯商場 2354 114.1685519 22.3026094 
95 柯士甸廣場 2355 114.170994 22.303331 
96 灣景花園第一座 2356 114.1025927 22.3731523 
99 油塘鯉魚門邨鯉意樓 2357 114.240459 22.2941 
98 彩雲邨星晨樓 2358 114.21427 22.334669 
100 祥祺中心B座 2359 114.187764 22.3008731 
100 黃埔天地百合苑商場譚仔三哥米線(非住宅) 2360 114.1901642 22.3029985 
98 海濱廣場一座 2361 114.1916545 22.302351 
100 火炭環球工業中心地下1-2室 2362 114.1906592 22.3988661 
100 環球工業中心 2363 114.1906592 22.3988661 
100 立基大廈 2364 114.1897768 22.3209297 
103 彩雲(一)邨街市 2365 114.2160529 22.3336124 
97 彩輝邨彩華樓 2366 114.218095 22.3357092 
100 宣道會陳瑞芝紀念中學 2367 113.9723326 22.3870475 
95 東威閣地庫B02號舖 2368 113.9782849 22.4021827 
92 屯門市中心定食8 2369 113.9752716 22.3938074 
96 山景邨景美樓 2370 113.9668894 22.3999416 
100 山景邨道教青松小學 2371 113.9669359 22.397621 
95 栢麗廣場12樓1212室 2372 113.977344 22.3907533 
99 PopCorn 2373 114.1691924 22.3194378 
95 慈雲山中心 2374 114.2005514 22.3482388 
98 調景嶺健明邨明星樓 2375 114.250638 22.307701 
101 萬年戲院大廈 2376 114.2023161 22.3470226 
97 蒲崗村道高美樓 2377 114.2027922 22.3465005 
100 禾輋邨德和樓 2378 114.19463 22.387405 
102 慈樂邨樂仁樓 2379 114.199251 22.3481173 
101 坪石邨商場富港酒家 2380 114.2092478 22.3330902 
101 彩虹地鐵站OK便利店 2381 114.20905 22.334969 
92 牛池灣街市熟食中心德利餐廳 2382 114.2088179 22.3345745 
96 坪石邨紅石樓 2383 114.2086594 22.333451 
98 銅鑼灣L.Square15樓全層 2384 114.1828862 22.2804554 
98 銅鑼灣廣場 2385 114.1828103 22.2802646 
98 九龍灣工業中心 2386 114.2105362 22.3230134 
113 坪石邨爭鮮迴轉壽司 2387 114.2089437 22.3337754 
102 竹園南邨華園樓 2388 114.1918202 22.3449322 
98 香港科技大學鄭裕彤樓 2389 114.2638508 22.3350291 
100 彩輝邨彩華樓 2390 114.218095 22.3357092 
101 新港中心鼎泰豐 2391 114.1695639 22.2976528 
102 香港喜來登酒店 2392 114.1726015 22.2952629 
98 慈正邨正康樓 2393 114.2025948 22.3498555 
96 慈正邨正康樓 2394 114.2025948 22.3498555 
97 怡興閣維亞軒餐廳 2395 114.1723017 22.3050079 
98 長寧街嶺南大廈 2396 114.1893699 22.3168848 
93 香港內河碼頭建榮飯堂 2397 113.9683999 22.3965015 
102 龍門居7座 2398 113.9665087 22.3847347 
100 宏豐大廈 2399 114.030858 22.4440144 
97 永盛工業大廈 2400 114.1494626 22.3389726 
95 康德閣 2401 114.0293347 22.4428566 
99 維景灣畔第3期 2402 114.2525145 22.3037128 
94 荷里活廣場麥當勞 2403 114.202068 22.340967 
98 天晉3座 2404 114.2594121 22.3080284 
105 慈雲山中心百匯軒 2405 114.2002567 22.3485864 
102 慈雲山中心翠河餐廳 2406 114.2004576 22.3440465 
97 慈華大廈西川風味餐廳 2407 114.2021689 22.3466858 
97 萬年戲院大廈 2408 114.2023161 22.3470226 
98 TheOne 2409 114.172581 22.2998055 
97 保華企業中心 2410 114.2219774 22.3113019 
98 嘉湖山莊樂湖居10座 2411 113.9995766 22.4522263 
102 湖景邨湖光樓 2412 113.9649146 22.3748696 
100 創紀之城五期(apm)但馬屋 2413 114.22535 22.3124333 
98 將軍澳廣場會所 2414 114.26277 22.308295 
100 將軍澳廣場8座 2415 114.2631269 22.3087478 
104 福華街104號圓方餃子粥麵 2416 114.1630312 22.3311346 
104 禾輋廣場金百滬 2417 114.194839 22.3883527 
103 沙田中心 2418 114.1902042 22.3825888 
99 欽州街56號B1 2419 114.1603078 22.3306136 
99 大南街183號 2420 114.163211 22.327032 
100 欽州街94號黃金商場潮福蒸氣火鍋 2421 114.1618615 22.3323896 
98 北河街街市及熟食中心 2422 114.1608116 22.3295078 
97 西九龍中心 2423 114.1597868 22.3310879 
99 南昌邨昌賢樓 2424 114.1582874 22.3264194 
98 葵喜街停車場 2425 114.122333 22.357044 
100 葵聯邨聯悅樓 2426 114.1265404 22.3621863 
103 德望中學 2427 114.2194063 22.3344698 
93 將軍澳廣場8座 2428 114.2631269 22.3087478 
99 唐公嶺 2429 114.108615 22.487601 
103 大成街市 2430 114.1944674 22.3373845 
103 啓田大廈譚仔三哥米線 2431 114.2343029 22.3083911 
103 啟田商場 2432 114.2351489 22.3082273 
103 藍田地鐵站(非住宅) 2433 114.233702 22.30671 
97 康華苑宏康閣A座 2434 114.2400946 22.3135686 
98 干諾道西118號 2435 114.1445856 22.2882441 
97 安平街6號新貿中心 2436 114.2073782 22.3906398 
98 慈愛苑愛聰閣 2437 114.1993207 22.3495666 
100 寶田中轉房屋第二座 2438 113.9668924 22.4106153 
96 新都城中心二期 2439 114.2581878 22.3233143 
92 寶琳邨寶勤樓 2440 114.2559991 22.3248448 
96 新城市廣場3期 2441 114.1876669 22.3798128 
98 慈正邨正安樓 2442 114.2043329 22.3491728 
99 慈正邨正安樓 2443 114.2043329 22.3491728 
98 翔龍灣廣場太興 2444 114.1929154 22.3193699 
98 保良局林文燦英文小學 2445 114.1882169 22.3186695 
100 灣景花園1座 2446 114.098577 22.3689456 
100 南華體育會 2447 114.1874021 22.2757261 
99 城市花園商場(城市中心） 2448 114.1932553 22.2903516 
101 賽西湖大廈15座 2449 114.2019286 22.285835 
100 禮頓山3座 2450 114.1845055 22.2755726 
99 彩虹邨丹鳳樓 2451 114.2075872 22.3349651 
101 彩輝邨彩華樓 2452 114.218095 22.3357092 
101 東港城壹匯中菜廳 2453 114.2659952 22.3160291 
98 怡心園1座 2454 114.2531201 22.3224244 
101 荔景邨樂景樓 2455 114.127106 22.345511 
101 坪石邨街市 2456 114.2101807 22.3319803 
103 彩輝邨彩華樓 2457 114.218095 22.3357092 
102 晴朗商場A區 2458 114.2029199 22.3315397 
101 路德會啟聾學校 2459 114.1254024 22.3595964 
102 德朗邨德瑞樓 2460 114.204167 22.3307857 
98 順安邨安頌樓 2461 114.2263721 22.3292713 
99 愉翠苑愉居閣 2462 114.2054045 22.38121 
96 將軍澳廣場8座 2463 114.2631269 22.3087478 
101 將軍澳廣場 2464 114.2627792 22.3086948 
100 富康街市 2465 114.2619803 22.3113781 
100 富康花園商場 2466 114.2621497 22.3111113 
102 將軍澳廣場8座 2467 114.2631269 22.3087478 
101 牛池灣市政大廈 2468 114.208723 22.334497 
100 彩虹邨翠瓊樓 2469 114.20597 22.335691 
99 彩虹邨金碧樓31號 2470 114.164473 22.32715 
96 牛池灣市政大廈 2471 114.208723 22.334497 
97 彩虹邨翠瓊樓 2472 114.20597 22.335691 
97 觀塘帝盛酒店 2473 114.2242966 22.3080189 
97 香港賽馬會跑馬地會所 2474 114.186475 22.265586 
101 新墟街市 2475 113.9758872 22.3973155 
100 大橋街市 2476 114.0269444 22.4455556 
99 海慧花園 2477 113.9658436 22.3727854 
101 通州街公園壁球中心 2478 114.1590214 22.3265864 
101 巴域居 2479 114.1648943 22.3323429 
101 盈力工業中心 2480 114.191888 22.399688 
100 富輝商業中心聚點坊點心專門店 2481 114.1512299 22.2850628 
100 東駿苑金駿閣 2482 114.2222855 22.277353 
101 彩福邨彩樂樓 2483 114.2168985 22.3287641 
101 彩盈商場銀龍粥麵餐廳 2484 114.214696 22.3280751 
102 祈德尊新邨A座 2485 114.1103525 22.3704278 
105 毓華街58號 2486 114.201873 22.347237 
104 慈雲山中心薀莎餐廳 2487 113.9681629 22.4083101 
101 毓華街58號地下 2488 114.201873 22.347237 
100 現崇山商場大自然素食 2489 114.1972308 22.3406554 
100 慈雲山中心 2490 114.2005514 22.3482388 
99 森麻實道2號 2491 114.1787929 22.3375074 
99 慈雲山中心薀莎餐廳 2492 113.9681629 22.4083101 
100 慈民邨民健樓 2493 114.202409 22.3482284 
101 鳳德邨黛鳳樓 2494 114.2023161 22.3435353 
104 寶麗苑寶康閣 2495 114.1580088 22.3381485 
100 常寧路2號TKOGateway 2496 114.2658933 22.3172083 
100 香港寶御酒店 2497 114.1707348 22.296554 
100 環球商業大廈 2498 114.171575 22.2962216 
99 國際廣場燒肉牛蔵 2499 114.1719508 22.2966255 
100 頌明苑賢明閣 2500 114.2629412 22.3177974 
96 瓊華中心牛大人台灣火鍋 2501 114.1698988 22.3178746 
100 麗翠苑麗柏閣 2502 114.1547903 22.3335277 
100 裕景坊11號 2503 114.0281965 22.4433629 
98 康德閣 2504 114.0293347 22.4428566 
98 文利大廈 2505 114.1688711 22.2988518 
101 尖沙咀中心 2506 114.1778408 22.2976578 
101 啟業邨啟樂樓 2507 114.2094681 22.3284564 
98 毓華里8號永發大廈 2508 114.2011827 22.3464408 
102 彩輝邨彩華樓 2509 114.218095 22.3357092 
104 新九龍廣場名苑酒家 2510 114.1626069 22.3197653 
97 鳳禮苑鳳禧閣 2511 114.2025251 22.3443523 
92 竹園邨鵬程苑 2512 114.190605 22.345681 
98 荔塘大廈B座 2513 114.1656259 22.3239546 
104 悅來酒店 2514 114.120796 22.368988 
102 雲疊花園5座 2515 114.1761501 22.3677878 
100 隆亨商場福盈酒家 2516 114.1791932 22.3678204 
100 隆亨邨善心樓 2517 114.177383 22.365549 
100 土瓜灣市政大廈暨政府合署 2518 114.1880584 22.3171467 
102 立基大廈 2519 114.1897768 22.3209297 
104 寶林商場 2520 114.2561675 22.3250831 
102 寶林邨寶林市場 2521 114.25487 22.325282 
101 長沙灣政府合署 2522 114.1603775 22.3318017 
101 新都城中心一期大快活快餐店 2523 114.2573864 22.3216486 
100 基隆街298號囍八方餃子麵館 2524 114.1699008 22.3219389 
104 怡心園1座 2525 114.2531201 22.3224244 
104 京瑞廣場1期 2526 114.2081221 22.3883571 
97 恒成大廈 2527 114.1711064 22.3079182 
97 泰盛商業(油蔴地)大樓紅茶冰室 2528 114.1710484 22.3118092 
98 愉田苑愉逸閣 2529 114.203036 22.3837644 
104 慈雲山中心 2530 114.2005514 22.3482388 
103 萬年戲院大廈 2531 114.2023161 22.3470226 
101 爵祿街36號 2532 114.1957446 22.3362258 
103 爵祿街36號 2533 114.1957446 22.3362258 
100 慈樂邨樂信樓 2534 114.19909 22.347143 
103 嘉華大廈 2535 114.1750398 22.3023482 
103 嶺南大廈 2536 114.1893699 22.3168848 
105 瑞和街市政大廈 2537 114.2243285 22.3154451 
103 翠屏北商場 2538 114.229761 22.3153518 
102 瑞和街市政大廈 2539 114.2243285 22.3154451 
97 太子道108-118號康寧大廈地下A及B舖大家樂 2540 114.1678485 22.324144 
97 龍慶堂 2541 114.165162 22.326608 
97 翠屏南邨翠樂樓 2542 114.2309231 22.3122513 
102 聖德肋撒醫院 2543 114.184829 22.3262591 
97 中央飯店 2544 114.166269 22.3303574 
97 東廬大樓A座 2545 114.1661758 22.330639 
101 慈雲山中心百匯軒 2546 114.2002567 22.3485864 
102 慈正邨正泰樓 2547 114.202634 22.349888 
101 荔塘大廈B座 2548 114.1656259 22.3239546 
103 凌霄閣 2549 114.1499638 22.2712357 
101 慈民邨民健樓 2550 114.202409 22.3482284 
104 小西灣邨瑞發樓 2551 114.2485694 22.2636153 
101 錦安樓 2552 114.2012364 22.3471823 
100 錦安樓 2553 114.2012364 22.3471823 
100 慈正邨正怡樓 2554 114.202634 22.349888 
106 慈雲山中心 2555 114.2005514 22.3482388 
103 如心銅鑼灣海景酒店阿翁小館 2556 114.1928188 22.283243 
102 南洋酒店 2557 114.1803256 22.2774081 
102 慈雲山中心海天堂 2558 114.1948194 22.341263 
102 慈雲山中心森美奧厨房 2559 114.2005514 22.3482388 
101 銅鑼灣廣場二期太湖海鮮城 2560 114.1821253 22.2805578 
103 慈民邨民健樓 2561 114.202409 22.3482284 
98 德讚中心 2562 114.1624676 22.3235805 
92 天晉匯名苑酒家 2563 114.2604481 22.3060575 
103 慈愛苑愛聰閣 2564 114.1993207 22.3495666 
100 清水灣道8號匯八坊商場大家樂 2565 114.2098396 22.3339771 
104 寶血醫院 2566 114.1616711 22.3339332 
101 芳華里2號曉壽司 2567 114.2018876 22.3471683 
99 灣謝斐道482號 2568 114.1826942 22.280915 
99 海運大廈 2569 114.1761455 22.2769765 
99 慈雲山中心麥當勞 2570 114.2000766 22.3488444 
94 億利工業中心程班長台灣美食 2571 114.1473646 22.3367772 
94 荔枝角公園體育館 2572 114.1383778 22.3404857 
94 荔枝角公園游泳池 2573 114.1371428 22.3401806 
102 砵蘭街177至181號佳記餐廳 2574 0 0 
103 藍田邨藍暉樓 2575 114.2367743 22.311762 
103 隆亨商場 2576 114.179676 22.3681124 
103 新翠商場 2577 114.1812707 22.3693641 
101 嘉里溫控貨倉1 2578 114.1290821 22.3691721 
103 天盛商場 2579 114.0027874 22.4489064 
103 元朗廣場 2580 114.0239001 22.4448907 
102 元朗廣場 2581 114.0239001 22.4448907 
100 慈華里14號新昌燒臘飯店 2582 114.2014328 22.3467845 
104 黃金冰室(順寧道店) 2583 114.1588499 22.3370361 
101 青山道260號 2584 114.1576372 22.3376839 
101 京都廣場大快活 2585 114.1830188 22.2807114 
100 胡忠大廈大快活 2586 114.1725565 22.2742045 
99 盛境居2座 2587 114.1373 22.375732 
99 惠豐中心 2588 114.1696727 22.3192117 
101 喜雅1座 2589 114.1603311 22.3369975 
102 石蔭東邨蔭裕樓 2590 114.1391512 22.373302 
103 彩雲邨長波樓 2591 114.214328 22.33317 
104 快樂大廈客家好棧 2592 114.2175043 22.3241187 
105 東廬大樓 2593 114.166272 22.3304645 
103 寶田商場 2594 113.966653 22.409343 
101 屯門時代廣場稻香 2595 113.9755643 22.3921462 
100 海趣坊稻香 2596 113.9668274 22.3724425 
100 海麗花園功夫點心 2597 114.1997413 22.2920842 
99 仁愛堂賽馬會社區及體育中心 2598 113.976043 22.3965437 
101 寶田中轉房屋2座 2599 113.9668924 22.4106153 
102 安泰邨和泰樓 2600 114.228184 22.3281394 
101 北海街21號發記茶餐廳 2601 114.1722832 22.3078768 
101 勞資審裁處 2602 114.173009 22.307843 
103 花園大廈畫眉樓 2603 114.219361 22.317022 
99 彩雲邨伴月樓 2604 114.2159 22.3330845 
102 慈樂邨樂歡樓 2605 114.2005514 22.3463425 
98 太和邨愛和樓 2606 114.162297 22.451154 
97 耀東商場 2607 114.2241997 22.2773554 
96 東駿苑金駿閣 2608 114.2222855 22.277353 
101 路德會沙崙堂幼稚園(慈愛分校) 2609 114.199639 22.349493 
103 慈正邨正怡樓 2610 114.202634 22.349888 
106 慈正商場2期 2611 114.2021304 22.3495802 
100 新都城中心3期OK德海南雞專門店 2612 114.2571577 22.3226873 
102 慈正邨正怡樓 2613 114.202634 22.349888 
103 富山邨富信樓 2614 114.2090965 22.3427251 
105 慈正邨正康樓 2615 114.2025948 22.3498555 
101 慈民邨民裕樓 2616 114.2038023 22.3481826 
104 天悅廣場 2617 114.1605063 22.3350001 
104 香港浸信會醫院 2618 114.1801578 22.3395004 
101 北河街市政大廈 2619 114.1609873 22.3293251 
98 長沙灣青山道381號 2620 114.155405 22.338916 
98 順景閣 2621 114.1566851 22.2442864 
104 北河街街市及熟食中心 2622 114.1608116 22.3295078 
99 新都城中心一期 2623 114.2576338 22.321446 
99 平田邨平信樓 2624 114.2359339 22.3065613 
99 相思灣村53號 2625 114.2905194 22.3073141 
103 璟瓏軒 2626 114.272859 22.392377 
104 港泰護老中心 2627 114.2012316 22.3465597 
101 海慧花園1座 2628 113.9828384 22.3766577 
101 慈康邨康德樓 2629 114.2028038 22.3475776 
105 樂富邨樂民樓 2630 114.1867157 22.3367469 
104 香港護理學院 2631 114.1799308 22.2802823 
103 慈民邨民裕樓 2632 114.2038023 22.3481826 
102 慈民邨民裕樓 2633 114.2038023 22.3481826 
104 慈康邨康添樓 2634 114.2037094 22.3474998 
104 綠悠軒5座 2635 114.1446553 22.5015235 
101 寶成洋樓 2636 114.1901483 22.3212198 
103 裕民中心3座 2637 114.2230285 22.3142835 
99 湖安街䨇寓商場 2638 113.9677019 22.3760303 
98 友愛邨街市 2639 113.974277 22.388429 
101 小欖村 2640 113.998625 22.364707 
102 慈康邨康健樓 2641 114.2018749 22.3476372 
102 西九龍中心牛車水餐廳 2642 114.1598371 22.3313051 
103 長發邨亮發樓 2643 114.10375 22.363129 
104 荃灣帝盛酒店 2644 114.1294527 22.3706522 
106 君怡酒店 2645 114.1737669 22.3005805 
106 香港天際萬豪酒店 2646 113.9437259 22.319077 
104 圓方千両 2647 114.1628089 22.3032701 
103 彩虹彩德商場龍順軒海鮮酒家 2648 114.2134906 22.3296416 
106 彩福邨彩歡樓 2649 114.2177344 22.3271501 
107 慈雲山中心 2650 114.2005514 22.3482388 
104 黃大仙中心亞萊泰 2651 114.192951 22.3422319 
101 慈正邨正遠樓 2652 114.203988 22.3498096 
104 巴域街53-55號 2653 114.165153 22.332116 
101 金鐘道政府合署 2654 114.1645172 22.277879 
104 巴域居 2655 114.1648943 22.3323429 
104 三聖邨豐漁樓 2656 113.977948 22.3812751 
101 入境事務大樓 2657 114.1729018 22.2798307 
102 美柏苑 2658 114.173533 22.3784333 
106 綠悠軒5座 2659 114.1446553 22.5015235 
102 壹亞太中心海港酒家 2660 114.2245878 22.312699 
100 鳳德商場稻香超級漁港 2661 114.1994869 22.3434428 
96 慈雲山中心大家樂 2662 114.2007956 22.3485826 
103 慈樂邨樂誠樓 2663 114.1982293 22.3477557 
104 慈康邨康健樓 2664 114.2018749 22.3476372 
105 慈民邨民裕樓 2665 114.2038023 22.3481826 
100 TKO街市 2666 114.266519 22.3169394 
100 東港城Itamama 2667 114.2660647 22.316178 
100 南豐廣場 2668 114.2638801 22.3144967 
100 峻瀅一期3座 2669 114.2750363 22.2978681 
103 港泰護老中心 2670 114.2012316 22.3465597 
100 旭輝臺2座 2671 114.2547918 22.3234671 
107 將軍澳中心5座 2672 114.2558893 22.3079912 
107 天晉匯東南加 2673 114.259793 22.3050436 
104 香港房屋委員會總部 2674 114.181071 22.315401 
103 天晉滙 2675 114.2592699 22.3059661 
100 何文田廣場Itamama 2676 114.1818049 22.3162929 
107 天晉2期2B座 2677 114.2609203 22.3062586 
106 又一城 2678 114.1745657 22.3373517 
106 又一城EXP 2679 114.1744193 22.3374537 
105 彩明商場 2680 114.2524067 22.3060752 
103 新城中心 2681 114.1894981 22.3203634 
101 鎮海商業大廈 2682 114.167832 22.3215794 
107 善明邨善智樓 2683 114.2501482 22.3037201 
107 寶達邨達怡樓 2684 114.239816 22.3177093 
102 容鳳書紀念中心 2685 114.2285538 22.3079624 
101 將軍澳地鐵站 2686 114.2598934 22.3074254 
100 尚德廣場 2687 114.2588317 22.3110182 
99 南和行大廈 2688 114.1492768 22.2872009 
98 上環市政大廈熟食中心 2689 114.149629 22.286011 
99 日出康城第2A期5座 2690 114.2729928 22.2948541 
105 牛池灣市政大廈 2691 114.208723 22.334497 
101 清水灣道8號匯八坊 2692 114.2097406 22.3340389 
100 柯士甸道西1號 2693 114.160318 22.303484 
107 彩虹邨丹鳳樓 2694 114.2075872 22.3349651 
103 新光中心富臨皇宮 2695 114.196158 22.341974 
99 南昌街332號 2696 114.1683661 22.3387385 
99 毓華里8號永發大廈 2697 114.2011827 22.3464408 
103 慈正邨正暉樓 2698 114.200724 22.350348 
107 荃灣帝盛酒店 2699 114.1294527 22.3706522 
